Mean Leaf
0.000000	225.090065	-22.959848	218.316644	-41.686123	200.851103	-56.636289	179.034418	-69.403050	155.746210	-80.664848	131.900920	-90.385283	107.778529	-98.546506	83.533370	-105.022994	59.177436	-109.728198	34.740451	-112.465930	10.327061	-113.132671	-14.130303	-111.512388	-38.601540	-107.296558	-62.981785	-100.105372	-87.091268	-89.562329	-110.548728	-75.802226	-132.619001	-59.738050	-152.602571	-42.995221	-170.786306	-28.331644	-188.973136	-18.105951	-209.101664	-12.521850	-231.125172	-9.879562	-253.900455	-7.861485	-276.012195	0.037836	-292.054966	11.632764	-281.089056	14.104673	-259.455086	16.444459	-236.727405	20.998012	-214.490489	29.611440	-193.612908	42.855148	-174.681809	58.903987	-156.441216	74.836268	-136.819597	88.681103	-115.043449	99.525183	-91.827436	107.071609	-67.810603	111.565338	-43.481740	113.356361	-19.054425	112.826079	5.480968	110.114886	30.029373	105.407664	54.569500	98.791761	79.077729	90.352088	103.509252	80.299228	127.753398	68.707929	151.684597	55.620803	175.031216	40.691444	197.007302	22.541030	215.485524	

Eigenvalues
118149.350990	18943.809898	13078.716761	8148.666288	2276.741783	1042.242202	740.952831	657.004332	587.660066	430.135468	238.031745	205.828392	176.069525	159.794620	116.764861	113.130333	97.049347	86.185162	69.165401	63.936371	46.113628	43.556885	37.034420	35.139003	30.690823	27.914227	25.780710	24.437889	20.077103	18.568880	16.460278	16.318199	13.967002	13.708845	13.035944	10.719146	9.528896	9.187617	8.522279	7.658454	7.374444	6.388031	5.893294	5.513216	5.203660	4.704679	4.532142	4.211572	3.739759	3.632906	3.354286	3.082363	2.916197	2.703762	2.585928	2.389539	2.355493	2.168921	1.967979	1.921949	1.891932	1.847378	1.716612	1.567552	1.484138	1.382216	1.330293	1.240089	1.200099	1.099106	1.041470	0.983780	0.957474	0.909205	0.841718	0.741084	0.708214	0.679695	0.632700	0.592560	0.576615	0.521359	0.476196	0.464977	0.420172	0.366462	0.344075	0.274764	0.238082	0.202449	0.180544	0.168171	0.128813	0.102123	0.070253	0.000000	

Eigenvectors
0.000000	0.203266	-0.015881	0.192615	-0.023546	0.169260	-0.027496	0.146199	-0.031113	0.125334	-0.034756	0.105546	-0.037922	0.086339	-0.040399	0.067484	-0.042423	0.048895	-0.043873	0.030492	-0.044911	0.012128	-0.045243	-0.006200	-0.045123	-0.024515	-0.044260	-0.042949	-0.042955	-0.061671	-0.040618	-0.081417	-0.036154	-0.102117	-0.029147	-0.124004	-0.019311	-0.146354	-0.008968	-0.168762	-0.002441	-0.190896	-0.000058	-0.211601	-0.000420	-0.231723	-0.003227	-0.251783	-0.003767	-0.269908	0.001182	-0.255022	-0.000816	-0.234321	-0.000587	-0.214216	0.002804	-0.194365	0.009949	-0.173644	0.020188	-0.152189	0.030391	-0.130054	0.037671	-0.108055	0.042021	-0.087147	0.044079	-0.067393	0.045042	-0.048542	0.045458	-0.030030	0.045354	-0.011628	0.044784	0.006709	0.043625	0.025071	0.041955	0.043491	0.039794	0.062068	0.037361	0.080803	0.034506	0.099869	0.030777	0.119635	0.026676	0.140403	0.022510	0.163194	0.015340	0.187477	
0.000000	0.041141	0.012237	0.021689	0.039002	0.000289	0.069261	-0.008391	0.097771	-0.011078	0.124146	-0.010228	0.147549	-0.007222	0.166839	-0.002561	0.182398	0.003210	0.194675	0.009177	0.203443	0.015253	0.208669	0.021745	0.209933	0.028255	0.205696	0.034438	0.194795	0.039763	0.175734	0.041657	0.148501	0.034937	0.117156	0.015885	0.085278	-0.014398	0.060961	-0.048100	0.045683	-0.073353	0.038512	-0.087841	0.032437	-0.097557	0.021933	-0.108928	0.013628	-0.124649	0.005024	-0.111740	-0.009139	-0.102595	-0.017656	-0.093542	-0.026973	-0.079479	-0.043526	-0.057252	-0.070873	-0.025648	-0.105233	0.005393	-0.140100	0.027207	-0.169855	0.035603	-0.192267	0.035825	-0.206668	0.031283	-0.213239	0.024638	-0.213094	0.017557	-0.208471	0.010173	-0.200201	0.002947	-0.188051	-0.003639	-0.172267	-0.009581	-0.152415	-0.014443	-0.128452	-0.017361	-0.101956	-0.017717	-0.072773	-0.014289	-0.042379	-0.003784	-0.014205	0.017191	
0.000000	0.194523	0.005451	0.173710	0.028872	0.153687	0.050203	0.146540	0.065138	0.144161	0.075444	0.143312	0.081042	0.142979	0.081823	0.143030	0.077734	0.142491	0.069716	0.141599	0.058012	0.140665	0.041242	0.139614	0.019415	0.138134	-0.009392	0.135958	-0.044588	0.131013	-0.083716	0.121475	-0.121162	0.104403	-0.149775	0.080104	-0.158699	0.060089	-0.138147	0.055615	-0.093737	0.065357	-0.050959	0.077760	-0.023672	0.086973	-0.008331	0.095332	-0.000229	0.097862	0.003875	0.100812	0.014581	0.093951	0.035622	0.083248	0.072845	0.069130	0.118063	0.057083	0.146183	0.056006	0.145221	0.070488	0.120667	0.092350	0.083774	0.109530	0.045765	0.118757	0.010664	0.123057	-0.017624	0.125033	-0.039686	0.126565	-0.056488	0.128571	-0.069044	0.130518	-0.077947	0.132098	-0.082221	0.133428	-0.082944	0.134225	-0.078844	0.135457	-0.069184	0.137477	-0.054586	0.141242	-0.033473	0.148845	-0.008926	0.167849	
0.000000	0.001306	-0.001703	0.006254	-0.009491	0.007985	-0.021723	0.005249	-0.030752	-0.000170	-0.037738	-0.006096	-0.042211	-0.012815	-0.043848	-0.019853	-0.042063	-0.025763	-0.037876	-0.030134	-0.031378	-0.033433	-0.024113	-0.034784	-0.016920	-0.034185	-0.008277	-0.032163	0.001750	-0.029492	0.012129	-0.026830	0.027346	-0.023987	0.049134	-0.016757	0.082086	-0.001053	0.132578	0.025176	0.194945	0.048383	0.260544	0.061068	0.323788	0.062675	0.374866	0.048531	0.387718	0.001976	0.381206	-0.046627	0.329347	-0.059043	0.267694	-0.054517	0.205721	-0.039465	0.147390	-0.016394	0.098197	0.008094	0.063335	0.023771	0.041684	0.028701	0.026652	0.032423	0.016886	0.035227	0.008938	0.038259	0.001432	0.040447	-0.007173	0.041254	-0.014528	0.040624	-0.021621	0.038017	-0.027832	0.033187	-0.032255	0.027187	-0.033737	0.019515	-0.032939	0.012451	-0.029401	0.006160	-0.022349	0.000193	-0.011640	-0.002974	-0.002660	-0.001832	
0.000000	-0.028734	0.001234	0.024677	-0.002455	0.062521	0.003080	0.083450	0.011460	0.099607	0.020308	0.113819	0.026540	0.127015	0.026708	0.141612	0.024473	0.152559	0.020488	0.161941	0.013910	0.169240	0.003698	0.174159	-0.008737	0.176998	-0.024239	0.177181	-0.043047	0.174624	-0.061609	0.165865	-0.079473	0.150662	-0.084507	0.133109	-0.070815	0.124400	-0.031225	0.134765	0.014749	0.151471	0.048484	0.156502	0.063987	0.154107	0.051970	0.128271	-0.006371	0.011627	0.033204	-0.136963	0.052811	-0.170098	0.043961	-0.173670	0.014160	-0.163533	-0.031438	-0.142429	-0.074935	-0.117397	-0.088888	-0.113673	-0.078851	-0.127449	-0.057719	-0.142737	-0.036847	-0.153769	-0.015361	-0.160404	0.001608	-0.164404	0.015714	-0.164840	0.025807	-0.164034	0.033767	-0.161990	0.038785	-0.157102	0.040647	-0.149470	0.039368	-0.139676	0.037097	-0.126276	0.029168	-0.110936	0.017463	-0.094761	0.004477	-0.078279	-0.003039	-0.058487	
0.000000	0.020269	-0.012603	0.014324	-0.013755	-0.003580	-0.002978	-0.017320	0.009087	-0.020795	0.023102	-0.022903	0.034256	-0.027369	0.043458	-0.033093	0.050305	-0.039478	0.054643	-0.045374	0.059544	-0.053941	0.064256	-0.063506	0.065093	-0.074140	0.057420	-0.083087	0.039996	-0.093529	0.015040	-0.109227	-0.025670	-0.134555	-0.079162	-0.173334	-0.144205	-0.201980	-0.204511	-0.185873	-0.215885	-0.109341	-0.192483	-0.010999	-0.128935	0.094445	-0.028289	0.219208	0.033721	0.322351	0.064098	0.243777	0.137457	0.108986	0.182482	-0.008301	0.200457	-0.117941	0.184191	-0.198094	0.126608	-0.211491	0.050150	-0.176527	-0.015099	-0.139968	-0.060166	-0.116952	-0.083233	-0.105804	-0.083603	-0.096873	-0.071565	-0.087400	-0.056348	-0.075472	-0.044390	-0.061071	-0.035391	-0.047415	-0.029063	-0.037255	-0.021535	-0.029390	-0.015246	-0.022621	-0.006029	-0.016996	0.006660	-0.011130	0.016444	-0.000787	0.018325	0.009611	0.012353	0.019053	
0.000000	-0.232182	-0.014944	-0.168927	-0.066492	-0.114110	-0.111553	-0.076380	-0.139356	-0.046368	-0.147623	-0.023406	-0.140427	-0.003385	-0.122412	0.016781	-0.094342	0.038501	-0.060777	0.061354	-0.027129	0.085214	0.004973	0.106003	0.038314	0.125704	0.067793	0.148587	0.084974	0.169821	0.079897	0.183447	0.048156	0.165693	-0.000809	0.087356	-0.050368	-0.035659	-0.065111	-0.145180	-0.058791	-0.178208	-0.047089	-0.156481	-0.054375	-0.119093	-0.082636	-0.077176	-0.091199	-0.061771	-0.046859	-0.045747	0.009689	-0.068710	0.078898	-0.109804	0.155106	-0.149741	0.215335	-0.161871	0.223620	-0.090778	0.176070	0.024493	0.109685	0.119231	0.046776	0.154530	0.003844	0.157494	-0.022287	0.145684	-0.026421	0.124162	-0.021433	0.101193	-0.011750	0.078537	0.000432	0.055365	0.013189	0.029475	0.027036	0.000996	0.038156	-0.028307	0.044096	-0.057052	0.042602	-0.088848	0.030381	-0.125205	0.012465	-0.162370	-0.003039	-0.204124	
0.000000	0.087302	-0.015404	0.106172	-0.041993	0.100641	-0.064635	0.085546	-0.074741	0.070084	-0.081871	0.052680	-0.082045	0.037238	-0.079924	0.023426	-0.074007	0.008470	-0.062263	-0.003744	-0.049190	-0.018611	-0.029481	-0.031883	-0.000190	-0.042887	0.037267	-0.050535	0.081221	-0.056859	0.133172	-0.051405	0.187870	-0.029304	0.235320	0.017465	0.269876	0.080463	0.260977	0.119119	0.194217	0.113345	0.085751	0.099585	-0.044731	0.090680	-0.196412	0.086167	-0.313563	0.062346	-0.221483	0.012703	-0.053265	0.009595	0.072838	0.009989	0.155945	-0.002477	0.189023	-0.031751	0.186247	-0.062841	0.163380	-0.088295	0.147173	-0.100278	0.127093	-0.091684	0.092793	-0.075109	0.052984	-0.062946	0.015702	-0.054884	-0.017853	-0.047859	-0.045749	-0.040602	-0.073616	-0.034891	-0.100841	-0.031059	-0.124159	-0.027330	-0.140301	-0.024688	-0.144280	-0.020097	-0.134960	-0.013916	-0.111275	-0.006101	-0.071418	0.010937	-0.027909	0.041711	
0.000000	0.022958	-0.007454	0.043853	-0.016067	0.051341	-0.020770	0.064637	-0.024325	0.076462	-0.030591	0.086740	-0.042500	0.093395	-0.048728	0.096859	-0.052823	0.099320	-0.053317	0.099823	-0.050669	0.096242	-0.036113	0.088425	-0.017274	0.080006	0.011696	0.071666	0.055293	0.062767	0.096126	0.067716	0.124088	0.082989	0.122395	0.082721	0.073579	0.029711	-0.018081	-0.082457	-0.083182	-0.187976	-0.085516	-0.252264	-0.026176	-0.267815	0.112344	-0.223300	0.266884	-0.013108	0.151716	0.232440	0.016095	0.291016	-0.049154	0.282285	-0.062272	0.227866	-0.038581	0.127371	0.017173	0.010401	0.049499	-0.071001	0.057826	-0.100316	0.057825	-0.110506	0.047903	-0.112210	0.032470	-0.116281	0.015060	-0.119409	-0.000201	-0.119848	-0.010705	-0.115867	-0.020827	-0.108653	-0.032980	-0.100590	-0.044785	-0.088982	-0.054946	-0.078230	-0.066090	-0.068916	-0.071635	-0.059092	-0.064430	-0.048236	-0.046282	-0.031263	-0.018016	-0.009151	
0.000000	0.070768	0.004072	0.058725	0.029391	0.058723	0.020421	0.062839	-0.006337	0.062801	-0.039682	0.056487	-0.067386	0.044108	-0.093567	0.032882	-0.106185	0.017502	-0.108415	0.002437	-0.099599	-0.014321	-0.080098	-0.030575	-0.031769	-0.046758	0.037005	-0.054659	0.121517	-0.039611	0.208255	0.013833	0.250591	0.106634	0.207257	0.188929	0.069110	0.179926	-0.113221	0.084415	-0.211446	0.009049	-0.190517	-0.003575	-0.133557	0.006086	-0.068065	0.025189	-0.002625	0.038767	0.056248	-0.009991	0.119125	-0.052333	0.163310	-0.062750	0.188586	-0.043333	0.116627	0.038873	-0.063901	0.154662	-0.222751	0.198358	-0.288935	0.129966	-0.253083	0.040833	-0.158165	-0.018456	-0.051510	-0.036088	0.030924	-0.029014	0.085582	-0.013963	0.114477	0.004067	0.124104	0.022177	0.119933	0.040158	0.101389	0.058221	0.073117	0.076587	0.039679	0.088416	0.005507	0.092860	-0.020405	0.093513	-0.028390	0.082165	-0.007265	0.063970	
0.000000	0.021453	0.013373	-0.047997	0.060536	-0.064178	0.093126	-0.052125	0.112583	-0.029419	0.116512	0.004024	0.106648	0.033109	0.090589	0.054070	0.067966	0.067676	0.044595	0.076916	0.012254	0.082785	-0.023136	0.082327	-0.057982	0.071884	-0.089347	0.049643	-0.096395	0.017391	-0.097331	-0.018940	-0.080421	-0.058856	-0.023816	-0.084729	0.064266	-0.087555	0.182123	-0.083830	0.246478	-0.072575	0.209140	-0.076867	0.085481	-0.093768	-0.090528	-0.111054	-0.160092	-0.042829	-0.157066	0.095346	-0.000945	0.112938	0.142073	0.125824	0.232780	0.119370	0.238924	0.105783	0.168677	0.100686	0.033865	0.103793	-0.082051	0.076086	-0.163583	0.036878	-0.192567	-0.021276	-0.170718	-0.061002	-0.108742	-0.083033	-0.050679	-0.093494	0.008604	-0.093729	0.059804	-0.085514	0.111739	-0.071105	0.149885	-0.050612	0.175633	-0.027212	0.183170	0.001135	0.166097	0.035361	0.125113	0.062678	0.079246	0.086598	0.029006	0.081112	
0.000000	0.002438	0.034133	-0.025058	0.069570	-0.058699	0.125892	-0.084305	0.172308	-0.088513	0.188508	-0.071973	0.174311	-0.048866	0.130883	-0.018200	0.071820	0.006288	0.004869	0.027832	-0.064800	0.047388	-0.130357	0.060809	-0.190915	0.068764	-0.228831	0.065841	-0.218115	0.053679	-0.148466	0.046452	-0.021500	0.048291	0.127484	0.053280	0.220965	0.018086	0.176595	-0.109761	0.035640	-0.194938	-0.054605	-0.177227	-0.058955	-0.083968	-0.033389	0.056375	-0.032484	0.201453	-0.019501	0.140470	0.062623	0.005261	0.103544	-0.119869	0.069987	-0.201212	-0.049781	-0.179459	-0.159958	-0.055490	-0.151561	0.030109	-0.074614	0.056679	0.027389	0.054632	0.116828	0.052862	0.162134	0.050571	0.156141	0.046801	0.127367	0.042671	0.079269	0.036591	0.022481	0.029216	-0.036540	0.018782	-0.093138	0.006155	-0.138751	-0.010748	-0.156129	-0.023672	-0.144304	-0.032830	-0.109934	-0.031006	-0.065165	-0.011551	-0.034537	0.006807	
0.000000	0.061953	-0.032983	0.073791	-0.073280	0.033273	-0.076645	0.014396	-0.062471	0.010653	-0.048473	0.019776	-0.032764	0.032146	-0.019271	0.040770	0.001213	0.047743	0.022531	0.052593	0.038353	0.055269	0.055646	0.052743	0.066166	0.045322	0.071905	0.029971	0.068337	0.002263	0.031406	-0.047851	-0.021343	-0.124350	-0.079322	-0.235422	-0.123386	-0.308403	-0.089463	-0.244849	-0.017706	-0.096485	0.028469	0.030377	0.016620	0.092609	-0.071436	0.069072	-0.104458	-0.047282	-0.014618	-0.114408	0.091287	-0.113661	0.133676	-0.056424	0.083659	0.061921	-0.027404	0.245430	-0.093726	0.341309	-0.074131	0.285468	-0.012440	0.167037	0.056350	0.080043	0.110917	0.013713	0.133148	-0.023759	0.130072	-0.051845	0.102558	-0.073200	0.065361	-0.090722	0.026497	-0.103373	-0.020119	-0.113540	-0.065917	-0.121622	-0.111170	-0.124402	-0.142995	-0.124058	-0.150990	-0.115731	-0.124886	-0.085503	-0.075763	-0.035701	-0.025699	0.015553	
0.000000	-0.236439	0.050525	-0.188691	0.079642	-0.017640	0.050045	0.108271	0.003793	0.175313	-0.029770	0.202738	-0.045685	0.205445	-0.055331	0.190993	-0.055595	0.168869	-0.046794	0.142103	-0.028569	0.112924	-0.004316	0.082970	0.026361	0.050232	0.059076	0.012410	0.098942	-0.030456	0.116508	-0.070801	0.113039	-0.119950	0.095440	-0.187102	0.065321	-0.229070	0.068425	-0.172861	0.104588	-0.059096	0.141640	0.041354	0.129432	0.094596	0.089322	0.149109	-0.016795	0.188420	-0.109249	0.103375	-0.077743	0.022449	-0.086357	0.001407	-0.125242	0.010508	-0.131714	-0.009671	-0.113663	-0.046588	-0.110408	-0.067848	-0.090222	-0.070112	-0.065572	-0.048245	-0.039396	-0.022519	-0.008906	0.010500	0.010097	0.042680	0.030135	0.074293	0.041490	0.101992	0.050910	0.123860	0.050825	0.141147	0.046077	0.153055	0.033408	0.155386	0.020008	0.145342	0.006309	0.114858	-0.022019	0.044729	-0.050157	-0.072081	-0.044763	-0.212156	
0.000000	-0.233272	0.004711	-0.133166	-0.030782	-0.000383	-0.060323	0.075397	-0.062206	0.101514	-0.029843	0.104621	0.021400	0.095277	0.071526	0.083379	0.104963	0.068735	0.125313	0.051936	0.115354	0.036602	0.089422	0.019941	0.032968	0.000294	-0.039546	-0.025578	-0.106143	-0.063440	-0.137204	-0.112867	-0.099315	-0.143896	0.004116	-0.093879	0.121954	0.072304	0.132219	0.169437	-0.032460	0.117038	-0.214803	-0.004772	-0.289729	-0.085698	-0.248873	-0.140807	-0.020552	-0.141718	0.194725	-0.067152	0.269437	-0.010012	0.270956	0.029517	0.140513	0.073224	-0.038901	0.119083	-0.126666	0.078339	-0.076321	-0.040706	0.022595	-0.110596	0.081648	-0.084136	0.084990	-0.029009	0.041686	0.014152	-0.013492	0.039679	-0.056564	0.052403	-0.073355	0.061459	-0.071397	0.067098	-0.056769	0.066774	-0.032436	0.062016	0.005873	0.049744	0.045242	0.029182	0.076869	0.000148	0.087897	-0.031788	0.062421	-0.090025	0.015156	-0.186410	
0.000000	0.052613	0.043299	0.218841	0.080455	0.317630	0.112011	0.293321	0.114512	0.237770	0.089385	0.167676	0.059373	0.089367	0.048612	0.003869	0.040381	-0.062557	0.047270	-0.114582	0.062489	-0.148223	0.073942	-0.156347	0.073934	-0.144513	0.055708	-0.103726	0.035999	-0.050190	0.001923	0.003573	-0.019318	0.033029	-0.021188	0.048800	0.006261	0.045518	0.039252	-0.014531	0.040951	-0.070885	0.048209	-0.072625	0.040018	-0.049032	0.028948	-0.003565	-0.017628	0.083958	-0.062274	0.067380	-0.034199	0.050577	0.000469	0.026526	0.021368	-0.015022	0.024297	-0.042490	0.020841	-0.004820	-0.013247	0.035625	-0.027563	0.044681	-0.011595	0.051040	0.019392	0.075478	0.051087	0.106144	0.070518	0.125268	0.073394	0.122979	0.068470	0.102734	0.064410	0.065778	0.064121	0.009293	0.070893	-0.061398	0.086773	-0.142046	0.098141	-0.221858	0.110792	-0.274513	0.116717	-0.286188	0.101323	-0.231792	0.053339	-0.093532	
0.000000	0.051521	-0.057369	0.084081	-0.188295	0.102651	-0.275790	0.067184	-0.297132	0.025391	-0.252709	-0.009598	-0.156857	-0.030639	-0.051475	-0.032936	0.048338	-0.024492	0.114780	-0.011512	0.147362	0.001930	0.141822	0.015223	0.098610	0.028813	0.025576	0.036744	-0.052974	0.039674	-0.089236	0.041463	-0.059670	0.055715	0.024049	0.080300	0.138666	0.061494	0.181892	-0.050151	0.109297	-0.142470	0.026582	-0.113364	0.011715	-0.012453	0.003634	0.142693	0.026421	0.276792	-0.008437	0.191826	-0.007079	0.051519	-0.033784	-0.076935	-0.062135	-0.130310	-0.146568	-0.071477	-0.176184	0.081555	-0.118971	0.148815	-0.011236	0.105880	0.050493	0.047793	0.051037	0.018411	0.009541	0.003659	-0.050240	-0.012735	-0.086816	-0.031393	-0.094762	-0.042501	-0.078003	-0.046269	-0.046673	-0.045648	0.003910	-0.035148	0.075229	-0.015927	0.146205	0.025231	0.179288	0.078581	0.158793	0.128935	0.088965	0.156500	0.018756	0.115732	
0.000000	-0.024514	0.017339	0.030252	0.048295	0.030004	0.086079	0.020565	0.116443	0.010169	0.124361	0.021080	0.102945	0.032273	0.057454	0.043166	0.008759	0.043537	-0.040760	0.041395	-0.093985	0.035227	-0.137813	0.026898	-0.158071	0.012337	-0.137365	-0.008014	-0.065650	-0.031684	0.042715	-0.043157	0.192980	-0.035221	0.286663	-0.029362	0.198719	-0.067710	-0.035320	-0.130901	-0.195246	-0.088610	-0.148819	0.082015	-0.068077	0.175737	0.029537	0.146760	0.127985	0.038801	0.067623	-0.109443	-0.033501	-0.176515	-0.104573	-0.152172	-0.109773	-0.030164	-0.059407	0.118595	0.081756	0.168512	0.208880	0.112675	0.243399	0.044866	0.164316	0.030200	0.020256	0.021613	-0.096630	0.006616	-0.152976	-0.013868	-0.165075	-0.031861	-0.141807	-0.038592	-0.103841	-0.041769	-0.051894	-0.046049	0.005989	-0.054691	0.075084	-0.054253	0.137393	-0.043326	0.184971	-0.028267	0.184757	-0.005726	0.134353	0.002703	0.056125	-0.006028	
0.000000	-0.062988	0.039109	-0.080983	0.084867	-0.045673	0.096823	-0.030754	0.090003	-0.032615	0.053876	-0.032011	0.015867	-0.034175	-0.005169	-0.048931	-0.024252	-0.055570	-0.038365	-0.056597	-0.039018	-0.057767	-0.028455	-0.052754	0.000721	-0.034526	0.052244	-0.003852	0.091383	0.054093	0.097781	0.122650	0.053819	0.182830	-0.034438	0.188751	-0.154587	0.058466	-0.182196	-0.116409	-0.031229	-0.126602	0.168307	-0.070118	0.202051	-0.047535	0.059362	-0.001015	-0.252146	0.055948	-0.150522	-0.034600	0.111993	-0.036917	0.209811	-0.004329	0.133419	0.062317	-0.050537	0.166415	-0.147008	0.127087	-0.094025	-0.065142	0.028220	-0.204706	0.136742	-0.219581	0.193234	-0.147488	0.148368	-0.070309	0.047195	-0.012513	-0.038565	0.025510	-0.098789	0.049457	-0.130507	0.062087	-0.138869	0.061653	-0.106572	0.056367	-0.046077	0.047096	0.046321	0.040914	0.150273	0.037544	0.213727	0.053009	0.186056	0.063675	0.089453	0.035066	
0.000000	-0.235893	-0.064601	-0.104154	-0.135777	-0.000365	-0.140638	0.056531	-0.091213	0.069120	0.003800	0.071020	0.080922	0.071335	0.130140	0.054705	0.147005	0.037599	0.132021	0.015296	0.089521	-0.009460	0.019010	-0.041063	-0.059601	-0.084788	-0.126369	-0.147270	-0.134837	-0.199583	-0.087447	-0.188385	-0.029120	-0.064326	0.000356	0.132130	-0.064573	0.219710	-0.151966	0.070318	-0.136405	-0.081026	0.028656	-0.081117	0.169036	-0.057323	0.226439	-0.041501	0.055076	-0.014389	-0.208963	-0.012514	-0.221500	-0.040334	-0.111819	-0.075369	0.071087	-0.075079	0.217497	-0.021172	0.172738	0.122125	0.029959	0.184019	-0.046266	0.095135	-0.031843	-0.029701	0.016169	-0.101763	0.053960	-0.119539	0.066991	-0.107845	0.036237	-0.086026	-0.000339	-0.056772	-0.046468	-0.026216	-0.081041	0.004926	-0.105257	0.030150	-0.108820	0.055832	-0.085262	0.067220	-0.048066	0.058290	-0.023841	0.021783	-0.007892	-0.065275	0.000538	-0.188039	
0.000000	0.005693	-0.033397	-0.047653	-0.065033	-0.030592	-0.078435	-0.037335	-0.043397	-0.055708	0.020021	-0.057018	0.103542	-0.048412	0.146756	-0.014718	0.157983	0.001955	0.143817	0.022300	0.113189	0.046467	0.067340	0.074510	0.043772	0.094629	0.042196	0.112719	0.096436	0.101351	0.153140	0.051981	0.188217	-0.037726	0.179136	-0.139136	0.088321	-0.142861	-0.003494	0.006934	-0.045188	0.155259	-0.043577	0.168569	-0.029048	0.074887	0.033761	-0.069799	0.191728	-0.115961	-0.045237	-0.018599	-0.131700	0.047721	-0.075875	0.108724	0.058861	0.045837	0.176005	-0.105654	0.087390	-0.129763	-0.092371	-0.029736	-0.127515	0.005990	-0.005613	-0.002850	0.161320	-0.007129	0.263589	0.008147	0.282198	0.033420	0.223039	0.047956	0.125658	0.046839	0.034152	0.030512	-0.039753	0.007508	-0.061190	-0.011999	-0.023758	-0.035546	0.071533	-0.042181	0.175774	-0.017665	0.236311	0.041132	0.196861	0.117644	0.069241	0.126580	
0.000000	0.016499	0.113561	-0.181554	0.255645	-0.163637	0.264679	-0.070262	0.195228	0.005609	0.070110	0.050219	-0.033699	0.057689	-0.080669	0.042857	-0.060683	0.026039	-0.005931	0.012700	0.076962	0.000519	0.156821	-0.004615	0.231874	-0.009590	0.251738	-0.012017	0.194329	-0.032825	0.068315	-0.062920	-0.047469	-0.084171	-0.113261	-0.029789	-0.024011	0.115276	0.115180	0.195892	0.069634	0.035834	-0.077964	-0.097269	-0.081686	-0.116655	-0.003566	-0.024213	0.147771	0.093127	0.004465	0.101072	-0.063264	-0.023842	-0.036063	-0.162352	0.019307	-0.212447	0.012837	-0.096258	0.026225	0.126625	0.121190	0.192802	0.174855	0.093226	0.197503	-0.007731	0.158247	-0.063241	0.113593	-0.087633	0.090236	-0.084828	0.059855	-0.074451	0.043607	-0.066952	0.042151	-0.057730	0.050570	-0.046841	0.057909	-0.030667	0.055675	-0.006297	0.063061	0.030795	0.032314	0.059505	-0.004971	0.071861	-0.025900	0.069517	-0.031131	0.059553	
0.000000	0.052036	-0.074966	0.029806	-0.093511	-0.033056	-0.069705	-0.046901	-0.023077	-0.056539	0.025895	-0.060242	0.083262	-0.069616	0.112264	-0.057739	0.147864	-0.055523	0.169936	-0.048951	0.171704	-0.035353	0.158998	-0.013097	0.140197	0.014159	0.096158	0.044333	0.007029	0.085687	-0.051800	0.119914	-0.037038	0.131672	0.079775	0.108685	0.162753	0.046689	0.111007	-0.129788	-0.022234	-0.169289	-0.062071	-0.018088	-0.024389	0.082831	0.022738	0.078792	0.079850	0.055804	-0.046111	-0.039106	0.007091	-0.166219	0.027742	-0.110756	-0.018351	0.089185	-0.023937	0.257688	0.111808	0.128559	0.178781	-0.125448	0.132669	-0.202733	0.015235	-0.164824	-0.074999	-0.115239	-0.062870	-0.079626	0.049418	-0.043684	0.153471	0.019204	0.207275	0.063838	0.227076	0.090360	0.218841	0.109162	0.175228	0.117039	0.100977	0.113301	-0.010641	0.076536	-0.102698	0.016869	-0.123678	-0.050502	-0.067125	-0.072758	-0.008079	-0.005324	
0.000000	0.202090	0.020693	0.086155	0.084463	-0.040832	0.065918	-0.076956	-0.011430	-0.076405	-0.102170	-0.056380	-0.141367	-0.037148	-0.122431	-0.016388	-0.078300	0.001645	-0.025926	0.028115	0.045347	0.052753	0.079092	0.079072	0.065987	0.112776	-0.021188	0.119180	-0.110699	0.058865	-0.146448	-0.068013	-0.033867	-0.186984	0.129709	-0.149512	0.140203	0.037120	-0.081046	0.099246	-0.232537	0.054872	-0.086354	0.023537	0.133790	-0.026074	0.253175	-0.054069	0.061798	-0.045257	-0.275034	0.044508	-0.180965	0.017983	0.030095	-0.018540	0.227474	-0.040093	0.145699	0.037609	-0.153501	0.113915	-0.190627	-0.049167	-0.039351	-0.167448	0.086329	-0.114484	0.076516	0.009726	-0.010532	0.094454	-0.115376	0.111705	-0.154738	0.099728	-0.118147	0.078485	-0.040086	0.055604	0.038745	0.024322	0.099082	-0.011832	0.115769	-0.031711	0.080249	-0.052534	-0.017600	-0.085203	-0.109580	-0.111954	-0.126254	-0.092997	-0.044870	0.032165	
0.000000	0.002287	0.013079	-0.047221	0.040731	-0.056274	0.046033	-0.024085	0.017829	0.009751	-0.059164	0.040960	-0.112235	0.047273	-0.165897	0.042999	-0.169973	0.015000	-0.150033	-0.009897	-0.104322	-0.020994	-0.035860	-0.031132	0.021580	-0.019040	0.031723	0.004454	-0.031803	0.040882	-0.127490	0.064015	-0.219265	0.028332	-0.163160	-0.037152	0.051458	-0.006921	0.208244	-0.027812	0.066391	-0.056441	-0.127372	-0.013012	-0.159509	0.023400	-0.021190	0.011738	0.268835	0.126834	-0.098447	-0.010534	-0.130500	-0.194503	-0.093376	-0.129773	-0.016461	0.077864	0.114330	0.228145	0.169899	0.083754	-0.018575	-0.055126	-0.212343	-0.088082	-0.253648	-0.078580	-0.131958	-0.050626	0.000935	-0.002371	0.042747	0.036924	0.032004	0.054475	-0.023881	0.058407	-0.101700	0.050479	-0.174829	0.032660	-0.216218	0.006910	-0.196841	-0.032406	-0.111040	-0.064334	0.011120	-0.076049	0.141154	-0.048268	0.183086	0.022532	0.112286	0.098031	
0.000000	0.066799	-0.196597	0.138443	-0.292276	0.017952	-0.185343	-0.090073	-0.002499	-0.115282	0.115756	-0.082184	0.164669	-0.026707	0.113049	0.047328	0.005567	0.086733	-0.085391	0.104326	-0.146560	0.104384	-0.139934	0.083759	-0.082580	0.054982	0.022228	0.018910	0.177722	-0.019771	0.218272	-0.061171	0.079625	-0.138413	-0.109819	-0.168298	-0.154359	0.034690	0.038318	0.290807	0.088738	0.137327	-0.024561	-0.146347	-0.015208	-0.206221	0.112753	-0.054408	-0.023931	0.236220	-0.072550	0.075126	-0.006521	-0.031222	0.051920	-0.107103	0.016592	-0.110542	-0.111085	0.048076	-0.092825	0.128193	0.079241	-0.009481	0.088190	-0.072513	-0.003277	-0.026927	-0.083144	0.020854	-0.093736	0.025157	-0.040770	0.033005	0.021612	0.044119	0.056231	0.054903	0.062920	0.057722	0.034618	0.058445	-0.001075	0.058364	-0.020598	0.032730	-0.027512	-0.015823	0.009150	-0.068559	0.079436	-0.113643	0.148468	-0.092135	0.121725	0.015369	
0.000000	-0.278811	0.086531	-0.032386	0.023694	0.211331	-0.003411	0.183073	-0.015776	0.077254	0.005745	-0.025145	0.050592	-0.094494	0.076202	-0.126899	0.069708	-0.125346	0.035020	-0.103631	-0.032965	-0.071581	-0.088424	-0.036285	-0.108069	-0.005180	-0.051422	0.029433	0.022525	0.086199	0.081507	0.131654	0.052045	0.093729	-0.049421	-0.047468	-0.115086	-0.141260	-0.000075	-0.006366	0.096240	0.162363	0.000229	0.079436	-0.143283	-0.132110	-0.007511	-0.236340	0.257621	0.295949	-0.209437	-0.018783	-0.074764	-0.202827	0.049047	-0.075062	0.105057	0.072968	0.078817	0.109565	-0.036573	0.008746	-0.081175	-0.060600	0.019481	-0.054407	0.099107	0.022998	0.057749	0.074181	-0.006428	0.078328	-0.060261	0.041431	-0.081223	-0.015475	-0.048790	-0.062674	-0.005205	-0.101072	0.046672	-0.105841	0.076187	-0.088612	0.067645	-0.045594	0.016653	0.020358	-0.058971	0.098422	-0.122983	0.147098	-0.156465	0.143461	-0.157600	-0.059835	
0.000000	0.160632	-0.083226	0.117704	-0.077107	-0.001360	-0.040303	-0.051016	0.000313	-0.055297	0.040363	-0.034147	0.061956	-0.018974	0.050321	0.001441	0.010614	0.010284	-0.034689	0.011524	-0.075410	0.001541	-0.092147	-0.015537	-0.079937	-0.030495	-0.018534	-0.044396	0.045529	-0.014954	0.062068	0.045901	0.003725	0.122716	-0.096328	0.098564	-0.110042	-0.089351	0.019797	-0.165939	0.221445	0.018371	0.102503	0.118345	-0.146077	0.108448	-0.278841	-0.020007	0.263145	-0.198429	0.083970	0.180305	-0.151078	0.086027	-0.091203	-0.047030	0.060797	-0.158189	0.116220	-0.101626	-0.021803	0.145797	-0.103808	0.179869	-0.065681	-0.046023	0.040609	-0.197205	0.124860	-0.180444	0.067333	-0.094445	-0.051755	-0.027345	-0.115007	0.025515	-0.138347	0.056375	-0.102939	0.081809	-0.034756	0.103314	0.043270	0.113648	0.087553	0.102817	0.103240	0.068101	0.041553	0.004695	-0.068103	-0.110746	-0.124216	-0.201436	-0.052916	-0.141649	
0.000000	0.173867	0.088311	0.055840	0.148632	-0.026848	0.071701	-0.035725	-0.045154	-0.036407	-0.131088	-0.043891	-0.081636	-0.057548	-0.000896	-0.042777	0.076240	-0.017315	0.123975	0.010292	0.114313	0.045014	0.036050	0.075048	-0.074220	0.081488	-0.156864	0.056830	-0.094719	-0.016109	0.059362	-0.059496	0.162593	-0.066608	0.080238	-0.063860	-0.142329	0.011761	-0.111610	0.124101	0.088332	0.056479	0.077253	-0.158052	-0.006938	-0.174129	-0.060403	0.052264	-0.133451	0.224507	0.178144	-0.026860	0.094343	-0.115317	-0.071950	-0.132907	-0.193393	0.044932	0.011221	0.171913	0.254840	0.018986	0.109136	-0.068165	-0.165215	-0.011644	-0.193811	-0.024245	0.032636	-0.050002	0.196601	-0.018008	0.155458	0.009824	0.028537	0.027981	-0.088336	0.033563	-0.148512	0.027957	-0.130521	0.017107	-0.017588	0.000007	0.125514	0.003281	0.195422	0.003094	0.113619	-0.012191	-0.075979	-0.049611	-0.194652	-0.106157	-0.136646	-0.063002	
0.000000	0.007230	0.063091	-0.185239	0.094851	-0.081276	0.013204	0.047028	-0.092456	0.089884	-0.123391	0.072248	-0.096553	0.046757	-0.000659	-0.004783	0.073108	-0.026441	0.102881	-0.020233	0.070006	-0.013652	0.015366	-0.001208	-0.089108	0.008205	-0.162479	-0.006527	-0.104993	-0.044194	0.038848	-0.040099	0.154737	0.007648	0.085074	0.013200	-0.122382	0.009791	-0.169875	0.040924	0.018734	0.048857	0.167119	0.044723	0.074462	0.048218	-0.226874	-0.077715	0.138396	-0.207977	-0.058472	0.363794	-0.042906	0.091048	0.103328	-0.231733	0.012768	-0.230838	-0.174915	0.094192	-0.032144	0.136629	0.128519	-0.093299	0.087516	-0.123839	-0.053846	-0.038347	-0.154375	0.043214	-0.120448	0.073620	-0.014910	0.079314	0.068348	0.080000	0.106437	0.063797	0.083188	0.026523	0.036341	-0.017064	-0.049654	-0.066404	-0.110430	-0.111433	-0.099612	-0.127160	-0.046959	-0.094865	0.043611	0.000222	0.047606	0.141668	-0.017133	0.167458	
0.000000	-0.290252	0.094048	0.096121	0.041653	0.295761	0.026018	0.176529	0.044720	-0.004198	0.051848	-0.121997	0.010350	-0.165564	-0.021901	-0.186748	-0.050827	-0.146662	-0.070244	-0.092309	-0.036903	-0.019660	-0.012161	0.060751	0.001394	0.137968	0.004141	0.191343	0.025479	0.184733	0.016565	0.046659	-0.004446	-0.129053	-0.053898	-0.181357	-0.010091	0.034837	0.079065	0.123502	-0.020001	-0.106916	-0.056630	-0.141590	0.056550	0.049909	0.017547	0.218937	-0.134979	-0.218137	0.232769	0.010932	-0.112423	0.184793	-0.146495	-0.007906	0.062669	-0.149408	0.084156	0.003673	0.009248	0.202596	0.037581	0.062343	0.006681	-0.134229	-0.069717	-0.131442	-0.093957	-0.071146	-0.058592	-0.019977	0.019624	-0.000455	0.084578	0.023776	0.056801	0.026169	0.004591	0.013248	-0.045012	-0.001343	-0.072073	-0.006498	-0.052122	-0.006445	-0.009366	0.028607	0.019707	0.071957	0.023685	0.105637	-0.018472	0.087517	-0.080500	-0.113162	
0.000000	0.109201	0.076822	-0.013521	0.110750	-0.038017	0.078018	0.024003	-0.034197	0.062853	-0.116117	0.046425	-0.135022	0.008352	-0.062939	-0.050871	0.025538	-0.077785	0.085144	-0.088891	0.102144	-0.088954	0.043539	-0.069717	-0.068486	-0.029367	-0.151019	0.040586	-0.158732	0.129794	-0.042338	0.211602	0.054454	0.177730	0.077199	-0.121632	0.011243	-0.314668	-0.011751	0.031426	0.030540	0.258970	-0.085945	0.062255	-0.083573	-0.167713	0.203645	-0.123397	-0.121199	0.108626	0.009352	-0.081064	0.007022	0.074677	-0.027107	0.075874	0.020868	-0.086607	-0.026764	-0.149180	-0.043601	0.100578	0.056714	0.216634	0.122912	0.085375	0.006693	-0.058357	-0.127787	-0.147034	-0.131760	-0.169258	-0.043781	-0.134217	0.035452	-0.074106	0.048571	-0.008122	0.025640	0.053781	0.002074	0.100988	-0.074873	0.131513	-0.110852	0.121478	-0.101576	0.074256	-0.032487	-0.007594	0.059064	-0.092238	0.135197	-0.137561	0.118206	-0.052259	
0.000000	-0.114690	-0.169601	0.032174	-0.219712	0.025807	-0.077815	-0.003268	0.113756	0.015399	0.170242	0.039976	0.121386	0.040664	-0.020857	0.022953	-0.142250	-0.021618	-0.172051	-0.055974	-0.105051	-0.089705	0.038010	-0.093983	0.188206	-0.052735	0.162510	0.035492	-0.065507	0.131120	-0.212199	0.123285	-0.104758	0.022817	0.168849	-0.075397	0.177412	-0.124989	-0.118176	0.009618	-0.158902	0.194364	0.042992	0.108166	0.137979	-0.075143	-0.028829	-0.202571	-0.064116	-0.031754	-0.096160	0.237484	0.178456	0.036045	0.077368	-0.126302	-0.167702	-0.112921	-0.119715	-0.004526	0.125067	0.041912	0.142169	0.060651	-0.057387	0.056390	-0.140978	-0.014488	-0.040003	-0.074451	0.101494	-0.053861	0.106425	-0.009425	0.013480	0.016214	-0.059525	0.022526	-0.110959	0.011509	-0.091212	-0.002705	-0.023127	-0.023325	0.074196	-0.023197	0.110907	-0.004481	0.045441	0.040938	-0.071980	0.050407	-0.109556	0.045778	-0.096161	-0.019553	
0.000000	0.039012	0.133591	0.246587	0.129207	0.205213	0.090536	0.014784	0.015647	-0.106155	-0.057549	-0.163680	-0.076385	-0.148868	-0.064124	-0.084532	-0.020050	-0.013882	0.012350	0.061723	0.028460	0.094412	0.024886	0.105246	0.004193	0.081267	-0.003572	0.017253	0.044777	-0.059300	0.039559	-0.073393	-0.030078	-0.038311	-0.049751	0.033481	0.015146	0.046079	0.044916	-0.034633	-0.041222	-0.011167	-0.035202	0.063109	0.012048	0.104820	0.001988	-0.078078	0.168753	-0.149173	-0.301879	0.158509	0.029463	-0.017463	0.260779	-0.055349	0.029822	0.028142	-0.229867	0.059458	-0.032791	-0.145496	0.118463	-0.067411	0.046733	0.133923	-0.062257	0.169786	-0.066048	0.066304	-0.005200	-0.061484	0.096208	-0.128149	0.096160	-0.135036	0.048250	-0.104301	-0.037061	-0.054224	-0.104833	0.006837	-0.121278	0.081055	-0.054008	0.139618	0.042967	0.160178	0.107462	0.111260	0.083576	-0.018949	0.042596	-0.201521	0.011057	-0.245589	
0.000000	-0.181183	-0.087043	0.181127	-0.065845	0.122084	0.081561	-0.010783	0.174698	-0.096564	0.088673	-0.098511	-0.089873	-0.073407	-0.179360	-0.038317	-0.160805	-0.004618	-0.054918	0.027167	0.126788	0.064166	0.232561	0.102099	0.142512	0.134763	-0.037226	0.091581	-0.157450	-0.049754	-0.098818	-0.182412	0.097075	-0.098666	0.152814	0.100088	-0.026018	0.066127	-0.230512	-0.081125	0.084442	0.057019	0.243736	0.053161	-0.026599	-0.085484	-0.263296	-0.098276	0.095981	0.204697	0.086865	-0.061029	0.035793	-0.046340	-0.089504	0.011308	-0.073620	0.034381	0.077678	-0.050928	0.051665	-0.016059	-0.085549	0.070406	-0.021003	-0.021937	0.057818	-0.064442	0.060674	-0.011313	-0.028342	0.023064	-0.084073	0.022090	-0.050527	-0.001310	0.058515	-0.014522	0.119415	-0.011414	0.105813	0.007559	0.022210	0.019118	-0.081679	0.038963	-0.136653	0.036451	-0.101532	0.024036	0.040885	-0.003425	0.207258	-0.021842	0.209273	-0.017000	
0.000000	0.097243	-0.013243	0.029496	-0.025442	-0.058297	-0.020272	-0.058381	0.009418	-0.029944	0.020894	0.003405	-0.002206	0.032739	-0.015383	0.030711	-0.024513	0.030266	-0.028933	0.014533	-0.019164	0.002911	0.015984	0.010027	0.041126	0.019923	0.023561	0.008570	0.000197	-0.032960	-0.033191	-0.097828	-0.051786	-0.070714	0.017179	0.115861	0.031997	0.089765	-0.094611	-0.140302	0.025727	-0.000495	0.103884	0.090470	-0.073738	-0.036909	-0.055537	-0.096218	0.064626	0.187530	-0.007220	-0.216339	-0.001933	-0.029531	-0.054985	0.194461	0.109787	0.022250	0.018979	-0.168698	-0.198329	0.110316	0.066433	0.051383	0.201655	-0.108924	0.005933	-0.071787	-0.252206	0.009060	-0.182369	0.033439	0.075913	0.041887	0.248291	0.061201	0.189716	0.063848	-0.005026	0.039811	-0.199558	0.001163	-0.231390	-0.037311	-0.076097	-0.085446	0.151511	-0.086933	0.235075	-0.022290	0.069476	0.078073	-0.253293	0.042783	-0.289622	-0.095647	
0.000000	0.177716	-0.081857	0.019699	-0.087074	-0.092004	0.002762	-0.043345	0.052412	0.034883	0.044060	0.100600	0.022921	0.096538	0.014750	0.034759	-0.021388	-0.019243	-0.033850	-0.067325	-0.017379	-0.089238	0.020296	-0.091226	0.055562	-0.086079	0.069907	-0.032727	-0.057850	0.080019	-0.122528	0.161703	0.013941	0.084118	0.158811	-0.148166	-0.025678	-0.075037	-0.114224	0.185429	-0.001437	0.010464	0.106627	-0.193331	0.078687	-0.033020	-0.168187	0.140852	0.034949	-0.027749	0.150752	0.071039	-0.165201	-0.026762	-0.086937	-0.172484	0.123411	0.068068	0.166378	0.203888	-0.093749	-0.074622	-0.203425	-0.218857	0.038043	0.028687	0.172748	0.200020	0.032123	0.146426	-0.101100	0.022693	-0.058914	-0.068825	0.070382	-0.112198	0.128326	-0.111977	0.065624	-0.087767	-0.044801	-0.047023	-0.140495	-0.012370	-0.094411	0.059023	0.022326	0.130306	0.111808	0.131901	0.097771	0.041705	-0.020418	-0.144271	-0.032563	-0.188136	
0.000000	-0.142052	-0.212181	0.126235	-0.200924	-0.036406	0.059761	-0.105636	0.215234	-0.039381	0.129295	0.047510	-0.062831	0.085571	-0.191606	0.093100	-0.148997	0.038519	0.009295	0.003335	0.193456	-0.033704	0.229583	-0.034832	0.045637	-0.043633	-0.204738	-0.067366	-0.183984	-0.093652	0.070941	-0.011875	0.212424	0.171865	-0.008922	0.096657	-0.210586	-0.153588	0.135084	0.009593	0.180213	0.034368	-0.192365	-0.077169	-0.140629	0.018848	0.214561	0.193556	0.020094	-0.157758	-0.098098	-0.071268	-0.075756	0.098225	0.101487	0.038977	0.084941	-0.050457	-0.089074	0.030186	-0.022015	0.046761	0.052734	-0.109833	-0.015903	-0.060513	-0.042541	0.038798	0.001346	0.064227	0.040202	0.057063	0.061206	0.041715	0.035495	0.025314	-0.024331	-0.002179	-0.061936	-0.034468	-0.044462	-0.053579	0.016882	-0.047147	0.060307	-0.040139	0.067882	-0.016385	0.029571	0.027509	-0.031649	0.080394	-0.075021	0.074236	-0.059501	0.003837	
0.000000	0.041005	-0.102742	-0.155276	-0.098120	-0.045675	-0.013852	0.062413	0.036853	0.112106	0.054849	0.091051	0.003651	0.028437	-0.046834	-0.059983	-0.040014	-0.116348	-0.014820	-0.140254	-0.006666	-0.102256	0.004573	-0.041870	-0.026601	0.056612	-0.067238	0.157586	-0.091635	0.191533	0.012650	0.059880	0.128234	-0.142748	0.049683	-0.186661	-0.159369	0.134944	-0.008626	0.190491	0.001972	-0.194651	0.061895	-0.178657	0.056831	0.100301	-0.228474	0.164992	0.275954	-0.020586	-0.257719	-0.139717	0.088441	-0.093308	0.115669	0.157107	-0.036171	0.182415	-0.037992	-0.159069	-0.113276	-0.118396	0.048664	0.120990	0.094342	0.117977	-0.039356	0.021212	-0.075113	-0.110310	0.016026	-0.140853	0.036578	-0.088249	-0.015002	-0.006586	-0.085581	0.048677	-0.100312	0.075669	-0.032689	0.072358	0.031629	0.059312	0.084291	0.039055	0.022916	-0.016429	-0.052096	-0.060957	-0.078247	-0.061039	-0.006703	-0.007891	0.027257	0.094291	
0.000000	0.089307	0.126954	-0.036373	0.061705	0.048489	-0.091969	0.024866	-0.080317	-0.060049	0.037356	-0.080301	0.102567	-0.044066	0.042429	0.025730	-0.060105	0.056697	-0.089333	0.036143	-0.035557	-0.001105	0.043071	-0.016016	0.093138	-0.000273	0.008641	0.015910	-0.098966	-0.003337	-0.040349	-0.033119	0.090573	0.009859	0.031971	0.032577	-0.124414	-0.048441	0.029733	0.045432	0.102430	0.047348	-0.125241	-0.102041	-0.031881	-0.043203	0.098974	0.142776	0.015242	-0.141431	-0.198521	0.098588	0.218958	-0.075398	0.098294	-0.031463	-0.285959	0.110434	0.064061	-0.025826	0.212632	-0.093134	-0.170756	0.181422	-0.093881	0.016153	0.189693	-0.138742	0.113062	-0.062899	-0.131004	-0.014661	-0.213143	0.017277	-0.072153	0.030655	0.131813	0.048395	0.209220	0.060405	0.083535	0.057707	-0.090590	0.018697	-0.194410	-0.053104	-0.051740	-0.094675	0.135312	-0.069779	0.162911	0.037330	-0.103591	0.078019	-0.266308	-0.081856	
0.000000	-0.103360	0.257370	-0.057975	0.127579	0.140908	-0.106789	0.038691	-0.149919	-0.099365	-0.023763	-0.150592	0.146688	-0.077138	0.112724	0.072398	-0.033908	0.138130	-0.124716	0.120221	-0.121409	0.074379	0.008550	-0.014227	0.165071	-0.076770	0.163904	-0.098505	-0.064400	-0.091056	-0.221671	-0.006333	-0.036035	0.098849	0.243542	0.066409	-0.041428	-0.136277	-0.187541	0.059755	0.151789	0.107689	0.045579	-0.176577	-0.080414	-0.076594	-0.039998	0.209433	0.126472	0.007650	-0.022601	-0.216249	-0.158679	0.117873	0.041486	0.069219	0.171108	-0.075927	-0.103379	0.052795	-0.074444	0.016324	0.112864	-0.094501	0.022151	0.056737	-0.091704	0.083003	-0.013843	-0.026815	0.057348	-0.076969	0.048218	-0.067218	-0.016242	-0.023589	-0.077896	0.019480	-0.045571	0.058446	0.017449	0.073732	0.064038	0.070697	0.051369	0.039815	-0.027078	-0.041424	-0.019748	-0.120382	-0.018662	-0.090138	0.009732	0.050747	-0.029937	0.161169	
0.000000	0.290434	0.006826	-0.245729	0.002596	-0.075832	-0.091821	0.158441	-0.064098	0.172898	0.070815	0.059185	0.107654	-0.050059	0.077317	-0.098593	-0.030827	-0.111734	-0.096113	-0.099026	-0.119363	-0.039626	-0.019481	0.023486	0.122529	0.102805	0.086818	0.136397	-0.054300	0.066844	-0.116957	-0.106351	0.072384	-0.135782	0.123744	0.099069	-0.114640	0.103654	-0.091632	-0.155949	0.249642	0.010845	-0.060384	0.038015	-0.237873	0.009645	0.205240	0.035073	-0.032003	-0.059408	-0.073261	-0.002697	0.081312	0.025907	-0.001992	0.057049	-0.009145	-0.081538	-0.028055	-0.037749	0.014983	0.133088	0.081717	-0.039184	-0.058587	-0.118648	-0.072844	-0.020082	-0.005689	0.117322	0.063574	0.163549	0.048926	0.095380	-0.007461	-0.011770	-0.021881	-0.099244	-0.005107	-0.154469	0.008404	-0.144110	0.001218	-0.088285	-0.001289	0.031278	-0.013226	0.134208	-0.031287	0.172809	-0.011786	0.046905	0.081450	-0.161567	0.196339	-0.125501	
0.000000	0.010851	0.115445	-0.200520	-0.110586	0.050703	-0.159173	0.103763	0.054991	0.055062	0.177989	-0.000274	0.050987	-0.018864	-0.095641	-0.052536	-0.117714	-0.080504	-0.076412	-0.069648	0.018892	-0.012829	0.100565	0.051994	0.041289	0.114738	-0.064185	0.118742	-0.052515	-0.004784	0.036280	-0.118854	0.061437	-0.097200	-0.024080	0.074301	-0.075471	0.097120	0.018950	-0.134793	0.084905	-0.018950	-0.043907	0.147250	-0.115199	0.055928	0.182226	-0.179576	-0.186737	0.006330	0.205102	0.187292	-0.148255	-0.085366	-0.058211	-0.169477	0.130832	0.079698	0.035195	0.176790	-0.111622	-0.195968	-0.054383	-0.063050	0.048608	0.178898	0.075209	0.143975	-0.009887	-0.062998	-0.057709	-0.175109	0.007264	-0.150043	0.013417	-0.045909	-0.021698	0.036281	-0.044518	0.090517	-0.029569	0.132904	-0.024585	0.138422	0.017708	0.069817	0.055960	-0.053751	0.037055	-0.163150	0.000469	-0.153655	-0.052896	0.033050	-0.126319	0.193334	
0.000000	-0.082246	0.129158	-0.003680	0.086603	0.064636	-0.018851	0.001575	-0.094963	-0.043187	-0.035500	-0.079380	0.083451	-0.054770	0.082967	0.037295	-0.044787	0.102894	-0.104147	0.090120	-0.031104	0.048895	0.077667	0.001119	0.115323	-0.050696	-0.007802	-0.082785	-0.127924	-0.100043	-0.013703	0.006637	0.118029	0.117941	-0.008170	0.014958	-0.122849	-0.099337	0.116115	0.083717	-0.022528	-0.040664	-0.065678	-0.021605	0.078974	0.089741	-0.011471	-0.072515	-0.050543	-0.052914	-0.018545	0.184724	0.176087	-0.120976	-0.118702	-0.074286	-0.153016	0.138881	0.272639	-0.095051	-0.102067	0.026706	-0.186486	0.077224	0.201661	-0.127347	0.108835	-0.049877	-0.212579	0.070280	-0.119715	0.067731	0.176124	0.039693	0.213138	0.012255	0.002053	-0.012822	-0.188450	-0.049015	-0.168513	-0.061871	0.024900	-0.046027	0.159688	0.032110	0.108127	0.077834	-0.074832	0.024524	-0.172865	-0.069186	0.058555	-0.063591	0.228588	0.133800	
0.000000	-0.214251	-0.267003	0.073038	-0.005786	-0.056292	0.181950	0.023479	0.059514	0.092640	-0.136573	0.056294	-0.134521	-0.025823	0.044467	-0.099264	0.138766	-0.069733	0.091709	-0.016149	-0.075702	0.042656	-0.158400	0.042797	-0.078870	0.036686	0.092437	0.041477	0.137458	0.024082	-0.042635	-0.054387	-0.128920	-0.106940	0.050834	0.095839	0.116137	0.022393	-0.206197	-0.117136	0.183075	0.165236	-0.000051	-0.095937	-0.170237	-0.110466	0.119551	0.210718	0.018994	-0.121992	-0.092075	0.004038	0.050768	0.074021	0.061918	-0.056020	-0.100201	-0.042896	0.011627	0.109682	0.117827	-0.098737	-0.206754	0.028813	0.030904	0.045347	0.172636	0.020645	-0.034312	-0.007601	-0.152888	-0.033987	-0.032957	-0.046048	0.131827	-0.018657	0.099059	0.012138	-0.056462	0.032021	-0.159340	0.045187	-0.077680	0.038558	0.076772	0.012295	0.153351	-0.012132	0.004819	-0.054146	-0.147209	-0.084641	-0.047017	0.001635	0.124837	0.219987	
0.000000	-0.218428	0.050303	0.299525	0.059345	-0.083148	0.101411	-0.192936	-0.093786	-0.042415	-0.135320	0.084018	-0.031513	0.101506	0.149891	0.074463	0.115338	0.040193	-0.043357	-0.008960	-0.142202	-0.079244	-0.047455	-0.112515	0.124806	-0.082261	0.101301	0.039653	-0.141915	0.153106	-0.120239	0.079572	0.206407	-0.094339	0.091099	-0.168003	-0.252102	0.217175	0.067985	0.009792	0.101295	-0.251405	-0.010519	0.167728	-0.104261	0.188650	0.087396	-0.252027	-0.045770	0.075486	0.010800	-0.035807	0.029002	0.072066	-0.012676	0.050710	0.007333	-0.129004	-0.081101	-0.009410	0.102634	0.088987	-0.033422	-0.081337	-0.084159	-0.004121	0.037552	0.076899	0.082747	0.036781	-0.015011	-0.021448	-0.063929	-0.058619	-0.028315	-0.057192	0.053905	-0.036876	0.056593	0.007855	0.000567	0.036663	-0.063287	0.064881	-0.043652	0.051516	0.049286	0.005299	0.053275	-0.036269	-0.036300	-0.040119	-0.033291	-0.010843	-0.007171	0.111008	
0.000000	-0.061412	-0.054730	0.179257	0.021111	-0.021531	0.083665	-0.078208	0.009655	-0.059794	-0.048472	-0.009857	-0.100259	0.035759	-0.009283	0.035246	0.074679	0.041539	0.095008	0.039982	-0.000692	0.009551	-0.096411	-0.031548	-0.048135	-0.054645	0.116597	-0.038295	0.046820	0.030748	-0.102193	0.068119	-0.077247	-0.038503	0.194326	-0.060969	-0.045877	0.062119	-0.186145	0.038752	0.223745	-0.047913	-0.001456	-0.024631	-0.187044	0.024009	0.177419	0.033826	-0.105098	-0.121033	0.082754	0.288680	-0.070259	-0.277422	-0.022080	-0.102845	0.080292	0.335867	0.046312	-0.143005	-0.215609	-0.103359	0.142998	0.134733	0.114061	0.020613	-0.145906	-0.067902	-0.061121	-0.083771	0.092929	-0.007462	0.076040	0.061386	-0.051108	0.073364	-0.074963	0.054401	0.002418	0.022054	0.049196	-0.008880	0.100222	-0.063499	0.018365	-0.085778	-0.148267	-0.066733	-0.069981	0.017593	0.121067	0.137608	0.050508	0.062869	-0.061691	-0.132424	
0.000000	0.021864	-0.199181	-0.010838	0.051454	-0.082832	0.101057	0.088660	-0.055622	0.098518	-0.090316	-0.013039	0.029212	-0.083533	0.121859	-0.090535	0.026322	-0.043375	-0.074706	0.010973	-0.137795	0.060280	-0.002612	0.075058	0.122916	0.067313	0.076158	0.009353	-0.100136	-0.081602	-0.083777	-0.095370	0.071511	0.058267	0.052980	0.118473	-0.150841	-0.184616	0.178144	0.118521	-0.103826	-0.059438	-0.057595	0.015650	0.118567	0.034775	-0.042592	-0.077755	-0.039067	0.077234	0.158658	-0.031015	-0.297881	-0.025898	0.158104	-0.038706	0.164362	0.106643	-0.215953	0.061397	0.031335	-0.259666	0.090886	0.202737	-0.060784	0.117696	-0.000768	-0.196682	0.073777	-0.155086	-0.063649	0.032060	-0.123690	0.112593	0.037778	0.107895	0.126850	0.074817	0.034112	0.014145	-0.066758	-0.048794	-0.095522	-0.097876	0.010348	-0.096699	0.088327	-0.026578	0.036025	0.082581	-0.126646	0.082219	-0.031331	-0.035514	0.165674	-0.034680	
0.000000	-0.006109	0.075723	-0.231083	-0.148656	0.189928	-0.071618	0.050971	0.200815	-0.070552	0.115380	-0.042960	-0.170828	-0.016597	-0.205235	-0.020950	0.057023	-0.003092	0.180756	0.049613	0.101074	0.074064	-0.136776	0.061505	-0.149361	-0.025261	0.124113	-0.101438	0.128252	-0.077308	-0.143806	0.037514	-0.102095	0.087111	0.193963	-0.019390	-0.085934	-0.130162	-0.021336	0.225175	0.011784	-0.175901	0.031072	-0.014230	-0.046813	0.156470	0.037662	-0.102224	-0.036951	0.005247	0.017764	0.051855	0.019896	-0.111912	-0.010460	0.102681	0.018998	0.038695	-0.085428	-0.155213	0.071007	0.101054	0.066087	0.053841	-0.139286	-0.111900	-0.007271	-0.077848	0.101385	0.100490	-0.007277	0.109129	-0.096280	0.031340	-0.041361	-0.060719	0.119670	-0.088819	0.098791	-0.060584	-0.067457	-0.003923	-0.141776	0.036407	-0.043047	0.084988	0.133879	0.091076	0.091717	-0.001210	-0.103558	-0.161200	-0.044063	-0.086126	-0.022495	0.220791	
0.000000	-0.004279	0.389946	0.072694	0.013580	0.018747	-0.246724	-0.146389	-0.048430	-0.134851	0.153146	0.032625	0.098106	0.142871	-0.122667	0.183228	-0.103519	0.055261	0.064819	-0.048435	0.131479	-0.130229	0.029631	-0.124871	-0.126918	-0.062706	-0.092417	0.030986	0.085619	0.144576	0.062303	0.079466	-0.062234	-0.096245	0.001422	-0.080642	0.071074	0.117251	-0.115835	-0.032420	0.031776	-0.010694	0.091959	0.002944	-0.111805	-0.024649	0.036945	0.035698	0.012567	0.000624	0.035805	-0.044119	-0.168385	0.067653	0.177523	-0.052619	0.017574	0.014410	-0.172780	0.054864	0.162275	-0.147947	-0.085394	0.145194	-0.025705	0.024640	0.099507	-0.124807	-0.022815	-0.083674	-0.110301	0.042669	-0.000599	0.079691	0.096042	0.097560	0.039581	0.065101	-0.019198	0.001528	-0.086498	-0.081572	-0.018514	-0.139751	0.073085	-0.087650	0.079413	0.031644	-0.038445	0.149911	-0.159082	0.056912	0.021228	-0.053907	0.219518	-0.019074	
0.000000	-0.152823	-0.099473	0.034573	0.132071	-0.050894	0.033093	0.048602	-0.159068	0.038610	-0.039291	-0.007279	0.175711	-0.039347	0.114411	0.019766	-0.133356	0.029279	-0.178404	-0.018815	0.079795	-0.031101	0.203321	-0.010337	0.010817	-0.004237	-0.210824	-0.022472	-0.006973	-0.032752	0.203995	0.077386	-0.089019	0.071591	-0.120042	-0.130645	0.215392	0.053730	-0.169751	0.008616	0.049498	-0.000353	0.057789	-0.052530	-0.083868	0.024405	0.041961	0.039985	-0.005881	-0.056805	-0.029211	0.080353	0.074579	-0.099379	-0.099668	-0.006370	0.080458	0.104565	0.023799	-0.070946	-0.157725	0.020754	0.190304	-0.006377	-0.036909	0.018351	-0.126595	-0.002701	0.120774	-0.016037	0.112781	0.033066	-0.145952	0.025431	-0.117501	-0.019914	0.077303	-0.043225	0.189527	-0.027050	0.048537	-0.013663	-0.188909	-0.004903	-0.142993	0.005302	0.134828	0.051600	0.190336	0.062067	-0.106870	-0.055076	-0.200367	-0.141365	0.178855	0.241463	
0.000000	0.168196	-0.269060	-0.215909	0.027902	0.114476	0.129673	0.178926	-0.007853	-0.023819	-0.053824	-0.199373	0.045079	-0.176252	-0.021320	0.016234	-0.091907	0.144138	-0.054599	0.159081	0.081051	0.085951	0.126045	-0.022606	-0.045355	-0.115876	-0.090186	-0.137778	0.020988	-0.021125	0.053235	0.173182	-0.103497	0.053720	0.077212	-0.217236	0.028350	0.121172	-0.148090	0.087726	0.135215	-0.184315	0.024363	0.017395	-0.126228	0.209176	0.082643	-0.184488	-0.027183	0.051077	-0.025117	-0.049313	0.085587	0.067369	-0.073259	0.055303	0.039520	-0.163582	-0.071319	0.111055	0.127658	-0.034494	-0.131721	-0.046796	0.007498	0.076527	0.098891	0.034099	-0.027915	-0.060272	-0.057432	-0.083276	0.012529	-0.032011	0.047464	0.050136	0.000759	0.083074	-0.043686	0.079123	-0.048800	0.036947	0.021957	-0.033738	0.079899	-0.107801	-0.019996	-0.110105	-0.049761	-0.006917	-0.025396	0.126036	0.003013	0.115308	0.080679	-0.215407	
0.000000	-0.007251	0.209273	0.164635	-0.035264	-0.105302	-0.085875	-0.111460	0.001027	0.049627	0.056567	0.120235	-0.002657	0.092171	-0.007292	-0.061446	0.025895	-0.140723	-0.004882	-0.132512	0.008286	-0.010379	-0.018389	0.122012	-0.071580	0.179070	0.019391	0.063821	0.143336	-0.138138	-0.040696	-0.141499	-0.121748	0.086582	0.101398	0.148493	-0.015127	-0.248022	-0.042915	0.237232	0.086358	-0.141369	-0.039459	-0.044787	-0.036365	0.173453	0.027476	-0.113126	0.026379	0.015431	-0.128232	-0.043216	0.234247	0.100638	-0.166312	-0.004186	-0.028308	-0.133867	0.147844	0.138070	-0.102770	-0.022357	-0.033315	-0.125581	0.103128	0.130589	-0.058094	0.052370	-0.020823	-0.128816	0.079312	-0.103321	-0.030197	-0.020015	-0.070228	0.080651	-0.012987	0.106972	0.070836	0.092763	0.073653	0.040137	-0.053860	-0.046560	-0.071613	-0.125227	0.083784	-0.104457	0.049194	0.006873	-0.121687	0.142338	-0.014482	0.070067	0.192855	-0.146969	
0.000000	0.055682	0.023628	-0.092753	0.002900	0.142605	0.009618	0.020349	0.039290	-0.126862	-0.041153	-0.089405	-0.036195	0.017385	-0.050670	0.137343	0.056004	0.100377	0.093814	0.000441	-0.009729	-0.076304	-0.072080	-0.097555	-0.014820	-0.049684	0.045434	0.057697	-0.029374	0.101529	-0.043436	-0.023712	0.088188	-0.099902	-0.016663	0.072270	-0.085521	0.048910	0.102845	-0.167929	-0.014254	0.170997	-0.108544	-0.003656	0.130476	-0.120703	-0.060041	0.080937	0.010458	-0.049033	-0.022402	0.113731	0.095896	-0.150029	-0.153817	0.047183	0.082569	0.060120	0.035147	-0.111121	-0.127243	0.178886	0.193852	-0.224838	-0.182278	0.105573	0.007311	0.127216	0.222273	-0.046293	-0.102708	-0.115960	-0.205791	-0.089030	0.087142	0.003651	0.152625	0.079520	-0.009340	0.106237	-0.104139	0.076662	-0.058217	-0.006081	0.064511	-0.108511	0.099931	-0.143269	-0.015965	0.006246	-0.202931	0.111806	0.040612	0.107443	0.263868	-0.158588	
0.000000	0.003144	-0.012998	0.123165	0.084883	-0.148633	0.009036	-0.010303	-0.161366	0.087694	0.045874	0.055485	0.106152	0.024166	0.044521	-0.037660	-0.085206	-0.071214	-0.100270	-0.070517	0.005481	-0.047943	0.091530	0.018026	0.008046	0.081900	-0.105734	0.083522	0.064778	-0.002382	0.087596	-0.092950	-0.145845	0.002552	0.008935	0.121192	0.118007	-0.170501	-0.132513	0.158992	0.072542	-0.053771	-0.025191	-0.082966	0.022461	0.114404	-0.007256	-0.066239	-0.028097	0.018943	0.094801	0.089357	-0.188923	-0.187373	0.167599	0.084304	-0.015165	0.129700	-0.147016	-0.265032	0.184811	0.239310	-0.036938	-0.048437	-0.174815	-0.179572	0.134186	0.112406	0.040253	0.196033	-0.078204	-0.028953	0.009169	-0.134288	0.059646	-0.133306	0.001800	-0.053628	-0.075346	0.057300	-0.080801	0.114613	0.041123	0.109333	0.096968	0.020700	0.025315	-0.075058	-0.104645	-0.140096	-0.022254	0.028610	0.090855	0.178861	-0.011715	-0.141423	
0.000000	0.067154	0.119854	-0.133961	-0.171394	0.130380	0.002065	-0.005140	0.191586	-0.068851	-0.034615	0.011931	-0.202207	0.015829	0.058707	-0.079374	0.160645	-0.007728	0.037010	0.086192	-0.214356	0.067586	-0.032374	-0.026455	0.210350	-0.044546	-0.002296	-0.011649	-0.178966	-0.010652	0.104352	0.002958	0.072817	0.058817	-0.161472	-0.054426	0.147806	0.019984	-0.082653	0.002778	0.018567	-0.012690	0.035921	-0.009617	-0.054416	0.020287	0.032151	-0.003806	-0.012977	0.011226	0.071464	-0.041509	-0.205761	0.058928	0.261492	-0.090392	-0.178226	0.119509	0.059146	-0.118353	0.036387	0.100713	-0.084793	-0.027269	0.089791	-0.078370	-0.008538	0.075898	-0.117330	0.058686	0.099183	-0.053402	0.112831	-0.080000	-0.123866	-0.026291	-0.121242	0.036675	0.100503	0.068498	0.147439	0.074694	-0.061532	0.042252	-0.154746	-0.101112	0.082040	-0.131999	0.143410	0.007821	-0.107077	0.120977	-0.162696	0.023808	0.275271	-0.066642	
0.000000	-0.050763	-0.217088	0.022662	0.204935	-0.023753	-0.011938	0.078737	-0.157554	0.016935	0.080989	-0.096735	0.155424	-0.058111	-0.138420	0.085364	-0.161695	0.050369	0.086268	-0.000648	0.216527	-0.040771	-0.058959	-0.035128	-0.238163	-0.045898	0.109557	0.020557	0.141624	0.102474	-0.143588	-0.002942	-0.031258	-0.125168	0.171088	0.096754	-0.203568	0.016724	0.127736	-0.097621	0.026528	0.078845	-0.166384	-0.008657	0.163299	0.020008	-0.057957	-0.067770	-0.019132	0.048315	0.080929	-0.009573	-0.162108	0.007160	0.199129	0.014845	-0.174466	-0.026675	0.096468	-0.027140	0.007082	0.074501	-0.124710	-0.059042	0.170010	-0.032375	-0.048121	0.072403	-0.139405	0.023449	0.118846	-0.015180	0.078437	-0.045299	-0.088580	-0.037954	-0.107735	-0.002029	0.070359	0.028443	0.127838	0.031188	-0.014099	0.031760	-0.187519	-0.025690	0.010365	-0.040081	0.163413	0.009532	-0.013981	0.026254	-0.185549	-0.039618	0.177019	0.048489	
0.000000	-0.013217	-0.070151	0.024678	0.075775	-0.003814	-0.005537	0.007709	-0.087494	-0.004971	0.034074	0.011595	0.108723	0.003952	-0.078557	-0.010246	-0.025627	-0.087666	0.004968	-0.042769	0.005605	0.041625	-0.019008	0.101417	-0.012227	0.066600	0.072887	-0.036885	0.001231	-0.121654	-0.101377	0.017551	0.075984	0.101646	-0.012365	-0.077290	-0.068350	-0.014285	0.157545	0.094559	-0.284195	-0.146930	0.387167	0.259047	-0.297042	-0.338742	0.094923	0.230266	-0.004713	-0.106882	-0.005581	0.132171	0.020578	-0.209456	-0.030506	0.176606	0.056074	-0.060639	-0.090511	-0.025092	0.104263	0.075705	-0.084104	-0.092931	-0.018573	0.036617	0.104498	0.063134	-0.069603	-0.015760	-0.043689	-0.077381	0.095073	-0.032044	0.026545	0.020951	-0.108223	0.044857	-0.034338	0.042580	0.092470	0.015050	0.027815	-0.002809	-0.085529	-0.048480	-0.015765	-0.052635	0.093606	0.027162	-0.047384	0.028733	-0.052625	0.001376	0.091201	-0.011937	
0.000000	-0.077661	0.042883	0.046691	-0.013403	-0.061888	-0.061836	0.038770	0.046415	0.041596	0.062909	-0.006612	-0.069024	-0.029961	-0.051397	-0.054284	0.054793	-0.003272	0.051856	0.048629	-0.049150	0.028655	-0.045260	-0.015179	0.049302	-0.011680	0.005716	0.003786	-0.056651	0.035208	0.034703	-0.023520	0.016209	-0.035363	-0.053137	0.047403	0.069576	-0.054322	-0.079626	0.031113	0.089157	0.050920	-0.123786	-0.133163	0.118456	0.125751	-0.053207	-0.072343	-0.000492	0.020657	-0.009528	0.050665	0.078048	-0.130593	-0.139782	0.113756	0.155507	-0.026586	-0.141255	-0.020674	0.097889	0.048029	0.011532	-0.068969	-0.162546	0.074458	0.171613	-0.017267	0.015056	-0.024000	-0.197888	-0.055946	0.101350	-0.024316	0.166166	0.058846	-0.136478	0.092569	-0.198342	0.042512	0.120194	-0.024709	0.251180	-0.083977	-0.135895	-0.090176	-0.259078	0.008671	0.173343	0.138577	0.210822	0.091956	-0.295653	-0.286493	0.105699	0.195521	
0.000000	-0.003375	0.155786	0.078400	-0.092597	-0.128258	-0.059912	-0.013678	0.097152	0.114716	0.018426	0.078218	-0.082800	-0.052413	0.077788	-0.154899	0.012113	-0.036685	-0.070738	0.063225	-0.046906	0.096930	0.105247	0.067459	0.015644	-0.001354	-0.117510	-0.100069	0.105205	-0.117512	0.007313	0.110146	-0.141247	0.083848	0.207075	-0.190450	-0.161212	0.215105	0.050247	-0.198835	0.088372	0.127313	-0.243456	0.041045	0.250230	-0.141451	-0.112084	0.092424	0.016107	-0.028147	0.001687	0.059233	0.056774	-0.137934	-0.171567	0.101788	0.222982	0.004694	-0.202588	-0.017630	0.157439	-0.040249	-0.110864	0.084184	0.044915	-0.083015	0.049387	0.002503	-0.107825	0.042750	0.039270	-0.000289	0.109033	-0.021656	-0.085283	-0.008232	-0.104007	0.003672	0.099892	0.015443	0.099169	0.025869	-0.107903	0.016360	-0.077520	-0.015150	0.137948	-0.039380	0.029202	-0.005240	-0.161185	-0.010812	0.097446	0.072432	0.008809	-0.049497	
0.000000	-0.036342	0.072208	0.143898	0.071553	-0.239495	-0.140438	0.086564	-0.079484	0.180541	0.243438	0.024158	0.036279	-0.081031	-0.195745	-0.182200	-0.034243	-0.150439	0.087197	0.065121	0.041253	0.235756	-0.096747	0.178419	0.012714	-0.004063	0.136184	-0.189503	-0.096150	-0.188563	-0.054943	0.149787	0.090857	0.158919	-0.044595	-0.267917	0.032048	0.182352	-0.042784	-0.087426	0.058395	0.010675	-0.051928	0.046234	0.031208	-0.022316	-0.006213	-0.013468	0.015391	0.026544	-0.008843	-0.070185	-0.069620	0.116027	0.157850	-0.078696	-0.177582	0.054631	0.134360	-0.082919	-0.099898	0.100927	0.087328	-0.082188	-0.071642	0.033852	-0.027406	0.041987	0.132709	-0.041009	-0.047573	-0.055612	-0.147238	-0.017694	0.067485	0.038844	0.143885	0.066446	-0.055973	0.054900	-0.125002	-0.018651	0.029943	-0.045437	0.099188	-0.024224	-0.012693	-0.017499	-0.069069	-0.021323	0.057432	0.057059	-0.013595	-0.019926	0.019672	0.010809	
0.000000	0.002664	-0.031436	0.092294	0.102326	-0.160402	-0.110337	0.117490	-0.011924	0.030960	0.128631	-0.084323	-0.025859	-0.010260	-0.113818	0.032288	0.022520	0.027241	0.109321	0.024189	-0.001900	0.005558	-0.067478	-0.042266	0.010506	-0.060464	0.059557	-0.014061	-0.059554	0.067735	-0.009359	0.027877	0.064729	-0.024610	-0.046095	-0.000163	0.016032	-0.017141	0.008834	0.027326	-0.039323	-0.008767	0.074353	-0.011152	-0.042386	0.003110	0.002090	0.005714	0.023020	0.003687	-0.058555	-0.040747	0.120283	0.125787	-0.162198	-0.130456	0.105959	-0.005439	0.008436	0.149157	-0.118400	-0.239586	0.195051	0.262171	-0.176390	-0.178362	0.062347	-0.121438	0.019602	0.210071	-0.083188	0.155643	0.117921	-0.038284	0.061918	-0.167639	-0.114228	-0.156321	-0.052121	-0.049936	0.103635	0.110847	-0.004773	0.215317	-0.071127	0.097488	0.060369	-0.124983	0.057767	-0.221128	-0.032378	0.047114	-0.148818	0.213941	0.215776	-0.152412	
0.000000	-0.020944	-0.094317	0.069087	0.177126	-0.086251	-0.114084	0.063714	-0.089642	0.019232	0.188487	-0.064139	0.026216	-0.026266	-0.237603	0.033160	0.073128	0.006623	0.187860	0.066465	-0.057828	0.022528	-0.184855	-0.065709	0.138931	-0.056989	0.111222	0.019858	-0.225265	0.058849	0.042550	-0.022987	0.196264	-0.041190	-0.244851	0.068615	0.163540	-0.069173	-0.087544	0.025117	0.029835	0.073384	-0.006859	-0.165368	0.016002	0.119134	-0.002325	-0.029214	-0.012450	-0.012116	0.010561	0.085746	0.031797	-0.193813	-0.120619	0.199276	0.151221	-0.118297	-0.114332	0.063858	0.110706	-0.023988	-0.160628	-0.016477	0.166632	0.021446	-0.049602	0.016329	-0.106366	-0.029924	0.136717	-0.019904	0.049852	0.004141	-0.189032	0.020606	0.010278	0.024798	0.213558	0.033243	-0.065239	-0.014910	-0.160496	-0.062991	0.064158	-0.021570	0.131122	0.050712	-0.106836	0.038672	-0.054981	-0.051722	0.143373	0.016646	-0.098736	-0.021160	
0.000000	-0.011205	-0.011463	-0.019742	0.067140	0.017877	-0.063821	0.028628	-0.037392	-0.043936	0.122135	-0.030410	-0.047910	0.047789	-0.104336	0.036445	0.136654	-0.026855	0.051612	-0.001220	-0.163838	-0.012394	0.020441	-0.051847	0.177151	0.001928	-0.179149	0.050902	0.019185	-0.014032	0.143550	0.025822	-0.187539	-0.040833	0.151246	0.040921	-0.102484	-0.035729	0.066104	0.040809	-0.025021	-0.073764	-0.016643	0.152141	0.028399	-0.141541	-0.021225	0.053726	0.012334	-0.017631	-0.017478	0.009128	0.045954	0.016600	-0.066834	-0.021685	0.061119	-0.016521	-0.064612	0.020271	0.104855	-0.038294	-0.169569	0.093957	0.241257	-0.156441	-0.236552	0.092727	0.086835	0.086261	0.157674	-0.030850	-0.182200	-0.039510	-0.068466	-0.056967	0.236089	-0.030895	-0.006186	0.026754	-0.243514	0.023221	0.093733	0.039524	0.195492	0.031343	-0.183979	-0.053824	-0.037999	-0.061435	0.219760	0.111355	-0.272722	-0.076698	0.178638	0.039149	
0.000000	0.037776	-0.076976	-0.111006	0.021315	0.216877	0.060906	-0.136654	-0.057425	-0.155066	-0.081963	0.105988	0.111892	0.154357	0.056061	0.051118	-0.100553	-0.096123	-0.032815	-0.196874	0.139236	-0.058672	-0.091560	0.119001	-0.141933	0.183125	0.227821	0.044123	-0.014042	-0.178867	-0.194406	-0.089514	0.241392	0.228410	-0.190410	-0.174095	0.119925	0.096296	-0.088827	-0.060029	0.091939	0.053924	-0.113772	-0.037557	0.080377	0.033081	-0.017422	-0.029687	0.001602	0.011948	-0.022233	-0.030663	0.060397	0.082010	-0.122210	-0.138974	0.186153	0.144301	-0.199030	-0.081286	0.161881	-0.006436	-0.127626	0.067627	0.108427	-0.072012	-0.065321	-0.001705	-0.008902	0.044776	0.043057	0.002280	-0.020583	-0.005276	-0.005761	-0.007711	0.042534	-0.020366	-0.033846	-0.023622	-0.041643	0.014104	0.033991	0.043504	0.051548	0.047112	-0.087085	-0.034713	0.042469	-0.083736	0.053316	0.025809	-0.128404	0.052666	0.099869	-0.038992	
0.000000	-0.003253	0.317692	0.068353	-0.346802	-0.196655	0.122044	0.054056	0.163896	0.227629	-0.212484	-0.023983	0.083660	-0.225970	0.139231	-0.045318	-0.202505	0.107493	-0.037153	0.095222	0.195046	0.010578	-0.012279	-0.030148	-0.159148	-0.071113	0.138028	-0.031663	-0.016310	0.089963	-0.092808	0.004009	0.142813	-0.072949	-0.107524	0.054462	0.046257	-0.026586	0.017411	0.003907	-0.071193	0.040475	0.086450	-0.063839	-0.045487	0.024764	0.017392	0.015586	-0.007476	-0.028991	0.018338	0.079789	-0.034930	-0.151615	0.015672	0.162999	0.004523	-0.110479	-0.016848	0.046244	0.041551	-0.013112	-0.067600	0.006841	0.113512	0.007431	-0.110251	-0.022066	0.028796	-0.015397	0.070689	0.053174	-0.062911	0.036526	-0.051967	-0.062104	0.107293	-0.067832	0.021324	-0.020894	-0.091400	0.065139	-0.020291	0.072472	0.116676	0.032931	-0.036694	-0.071712	-0.069026	-0.109634	0.138899	0.116766	-0.169689	-0.003940	0.134080	-0.011061	
0.000000	0.015340	-0.024527	-0.043937	0.042726	0.142938	-0.008547	-0.117632	-0.025550	-0.100465	0.024534	0.061323	-0.036375	0.157250	0.023693	0.008175	0.037761	-0.090811	-0.031247	-0.084740	-0.022361	0.018408	0.009593	0.059435	0.050623	0.038513	-0.001313	-0.044605	-0.061465	-0.042643	0.044019	0.046186	-0.006365	0.037356	-0.015651	-0.077731	0.083845	0.042824	-0.132228	0.019338	0.155206	-0.053890	-0.166211	0.063087	0.132124	-0.057116	-0.041007	0.025959	-0.020016	-0.011521	0.068639	0.114029	-0.131641	-0.308160	0.165837	0.406826	-0.169343	-0.334097	0.137003	0.206898	-0.102448	-0.114621	0.044884	0.020962	0.043860	0.084150	-0.070119	-0.098790	0.069105	-0.061215	-0.043839	0.121023	-0.055048	0.099209	0.118884	-0.027572	0.028307	-0.090644	-0.138354	-0.108702	0.060069	-0.037577	0.025553	0.094845	-0.010134	0.113040	-0.051676	0.020027	0.085425	-0.114881	-0.023090	-0.061360	-0.062104	0.152505	0.089201	-0.081549	
0.000000	-0.007411	0.039177	0.001960	-0.099657	-0.045009	0.093075	0.064708	-0.018214	0.072290	-0.044286	-0.101827	0.071977	-0.105389	-0.041685	0.090024	-0.063381	0.100921	0.083506	0.032873	0.050857	-0.082786	-0.099388	-0.081089	-0.030019	-0.008072	0.083210	0.093545	-0.083114	0.024640	0.047538	-0.082998	0.019897	0.026026	-0.083741	0.032927	0.128577	-0.093320	-0.196669	0.194543	0.256072	-0.358746	-0.273091	0.466889	0.200447	-0.345528	-0.088798	0.114123	0.025275	-0.009857	-0.013334	-0.030744	0.012947	0.069048	-0.009760	-0.068889	0.014654	0.033541	0.008796	0.011483	-0.029554	-0.014240	0.030784	-0.006402	-0.055302	-0.007180	0.065963	0.009556	-0.056531	0.047244	-0.004741	-0.032373	0.051987	-0.028628	-0.029536	0.016130	-0.022387	0.026360	0.017042	0.003008	0.026873	-0.016475	-0.061993	-0.023747	-0.004379	0.003142	0.064124	-0.006059	-0.049043	0.037734	-0.001758	0.026744	0.054293	-0.102332	-0.062185	0.054933	
0.000000	-0.001582	0.029910	-0.010341	-0.095307	-0.017964	0.110626	0.031752	-0.045285	0.017657	-0.050276	-0.064262	0.072790	-0.010186	-0.066983	0.089639	0.030524	0.018920	0.023492	-0.036380	-0.032503	-0.073343	0.001770	-0.007210	0.009437	0.069457	-0.028263	0.038992	0.092206	-0.063186	-0.118956	-0.063566	0.073397	0.121149	-0.037018	-0.072675	0.020943	0.043042	-0.011393	-0.037703	-0.011866	0.050578	0.025159	-0.065291	-0.021351	0.052956	0.018132	-0.031184	-0.015178	0.008252	0.016348	0.018640	-0.027972	-0.067136	0.045579	0.124837	-0.068297	-0.142546	0.074522	0.138242	-0.065154	-0.176662	0.037745	0.284443	0.035955	-0.366594	-0.154698	0.151878	0.153935	0.257721	0.002867	-0.130965	-0.121315	-0.231817	0.109324	-0.029946	-0.012991	0.113376	-0.118850	0.148357	0.111310	0.081690	0.006737	-0.047169	-0.042153	-0.220105	0.014166	-0.090659	0.024517	0.221960	-0.112825	0.082628	0.176785	-0.194933	-0.145857	0.086387	
0.000000	0.028629	0.027846	-0.008444	-0.043681	0.020716	0.039534	-0.080674	-0.016241	0.049156	-0.050021	0.102393	0.135879	-0.055131	-0.059831	-0.081259	-0.089625	-0.046632	0.030292	0.049886	0.129013	0.108752	-0.150985	0.055458	0.061421	-0.119753	0.112341	-0.075115	-0.253187	0.079532	0.237737	0.085120	-0.113928	-0.175458	0.034210	0.110585	-0.001717	-0.042352	-0.014541	0.031184	0.001074	-0.028636	0.019913	0.018096	-0.024562	-0.007524	0.011780	0.003428	0.004587	-0.003633	-0.015942	-0.013573	0.040528	0.055225	-0.070737	-0.095604	0.087576	0.089374	-0.084242	-0.047674	0.090667	0.022787	-0.132985	-0.001353	0.190489	-0.030926	-0.198476	0.038661	0.114781	-0.050537	0.060619	0.063999	-0.219459	0.032709	0.199629	-0.035173	0.058043	-0.021748	-0.254187	-0.030773	0.108948	-0.002559	0.223982	0.055520	-0.290586	-0.005721	0.027094	-0.012506	0.214790	0.011546	-0.243919	-0.072248	0.171989	0.081480	-0.085569	-0.049180	
0.000000	0.007062	-0.094432	-0.050561	0.206263	0.150601	-0.220776	-0.166649	0.081120	-0.072633	0.033981	0.208184	-0.149454	0.080412	0.254918	-0.239473	-0.118683	-0.067274	-0.170837	0.072307	0.182087	0.162114	0.062888	0.079871	-0.155651	-0.134439	0.126975	-0.155147	-0.106280	0.108966	0.005071	0.145436	0.073615	-0.230871	-0.055584	0.167169	0.015923	-0.085855	-0.005240	0.041841	0.022133	-0.052644	-0.024379	0.075662	0.008083	-0.062369	-0.006123	0.024518	0.010935	-0.004101	-0.011079	0.001142	0.016512	-0.015632	-0.028235	0.034163	0.013201	-0.058394	0.019815	0.077352	-0.056073	-0.083925	0.099767	0.122850	-0.126318	-0.184364	0.112071	0.128175	-0.108276	0.094836	0.098480	-0.110880	0.001633	-0.096491	-0.125980	-0.014237	0.105792	0.065002	0.037974	0.109271	-0.097345	0.046202	0.008989	-0.054857	0.070459	-0.096452	-0.030598	-0.041092	-0.041620	0.072407	0.017623	0.067116	0.015111	-0.090432	0.005204	0.026465	
0.000000	0.003360	0.081294	-0.066274	-0.210133	0.173168	0.337100	-0.192644	-0.237825	0.015576	-0.064458	0.057559	0.276272	0.063440	-0.183933	0.022111	-0.066935	-0.140457	0.126197	-0.066803	0.034423	0.067229	-0.174390	0.092191	0.137470	0.038762	0.044640	-0.069449	-0.190934	-0.034198	0.229886	0.046982	-0.191098	-0.029387	0.137092	0.000873	-0.088169	0.036405	0.054353	-0.071318	-0.026814	0.087088	0.008315	-0.079078	0.008800	0.047902	-0.006789	-0.014895	-0.007366	-0.000249	0.010633	-0.001272	0.011101	0.002293	-0.023697	0.027302	-0.004169	-0.052025	0.037213	0.051706	-0.069116	-0.044730	0.122605	0.042439	-0.196985	-0.013103	0.247333	-0.038418	-0.204484	0.032612	0.081565	0.006266	0.072621	-0.004279	-0.136319	-0.024668	0.029785	-0.027800	0.093217	0.023011	-0.066596	0.042202	-0.024229	0.049453	0.045534	-0.034909	0.029779	-0.075442	-0.102042	-0.000716	0.084344	0.119039	-0.035601	-0.108600	0.028307	0.047218	
0.000000	-0.018077	-0.022936	0.069187	0.090966	-0.139260	-0.197807	0.168288	0.253368	-0.012300	-0.123354	-0.134967	-0.110718	-0.003888	0.180111	0.129389	-0.093149	0.119614	-0.011002	-0.118183	0.155154	-0.182332	-0.209580	-0.017280	0.010354	0.137538	0.194038	0.141965	-0.260391	-0.106863	0.268431	-0.143199	-0.217477	0.205644	0.121223	-0.137726	-0.062799	0.073849	0.041761	-0.044068	-0.036742	0.032496	0.041836	-0.037807	-0.032351	0.033286	0.011807	-0.010279	-0.004629	-0.005197	0.010686	0.011170	-0.023163	-0.024330	0.037654	0.060284	-0.034028	-0.060022	0.019816	0.025260	-0.025515	-0.019237	0.042763	0.032713	-0.085112	-0.054170	0.129088	0.052806	-0.144303	0.044334	0.129677	-0.078580	-0.057305	-0.043357	-0.060865	0.040274	0.083878	0.063478	0.006729	0.027884	-0.122416	-0.058832	0.130057	-0.079908	-0.015404	0.015858	-0.094215	0.085506	0.101374	0.024032	-0.042119	-0.121367	-0.000432	0.087489	0.014722	-0.029094	
0.000000	0.015645	0.035416	0.006435	-0.074678	0.010375	0.078304	-0.049157	0.021448	0.033453	-0.135585	0.053182	0.163054	-0.054698	-0.100949	-0.003808	-0.032354	-0.033507	0.110323	0.012728	-0.085709	0.064931	0.021919	0.018453	0.025284	-0.033373	-0.039493	-0.067756	0.027142	0.042618	-0.033966	0.042929	0.018010	-0.084070	-0.006954	0.069960	0.006301	-0.032953	-0.010402	0.010161	0.012430	-0.004640	-0.009623	-0.001737	0.007038	0.008376	0.000360	-0.011551	-0.005378	0.005741	0.003488	0.002299	0.003923	-0.002008	-0.008078	-0.000071	0.000444	0.006156	0.001675	-0.000711	-0.016897	-0.043236	0.049546	0.126104	-0.052096	-0.240212	-0.010177	0.256465	0.091787	-0.003918	-0.095002	-0.264442	0.042457	-0.043763	-0.028529	0.234593	-0.045482	0.231545	0.071236	-0.036250	0.040197	-0.245277	-0.058053	-0.275336	-0.015237	0.202134	-0.045171	0.312721	0.066374	-0.144492	0.064136	-0.264298	-0.156258	0.277478	0.128298	-0.109873	
0.000000	0.004405	0.061995	0.033973	-0.094982	-0.091975	0.089141	0.102597	-0.047147	0.005860	0.014626	-0.106346	0.021855	0.017700	-0.082320	0.083035	0.075191	-0.017209	0.063582	-0.040125	-0.209821	-0.008770	0.219284	0.020476	-0.072619	0.051612	-0.064908	-0.082746	0.140886	-0.023880	-0.170130	0.130360	0.156535	-0.099092	-0.105442	0.038928	0.063376	-0.014143	-0.040216	0.009445	0.030735	-0.005274	-0.025989	-0.003143	0.017161	0.001497	-0.005208	0.004959	-0.001730	-0.003853	0.005442	-0.000172	-0.004271	0.000980	-0.006079	-0.007459	0.010469	0.008112	0.005315	0.006844	-0.021833	-0.010542	0.050488	0.001370	-0.100087	0.018458	0.197456	-0.029098	-0.301708	0.002324	0.281207	-0.001144	-0.075087	0.032877	-0.190983	-0.007484	0.301962	-0.026250	-0.110193	-0.012789	-0.178270	-0.004297	0.274518	0.029659	-0.088848	0.014774	-0.190360	-0.005227	0.306781	0.029450	-0.212793	-0.085664	0.091659	0.071225	-0.024574	-0.031049	
0.000000	0.009493	-0.008009	-0.016630	-0.004639	0.058497	0.039527	-0.166895	-0.081331	0.136289	0.068077	0.103614	0.009915	-0.096787	-0.020775	-0.115808	-0.040993	0.013034	0.013153	0.111714	0.060665	0.069051	-0.052463	-0.113715	0.009636	-0.095989	-0.012115	0.107086	0.006354	0.108299	0.023925	-0.208991	-0.035236	0.144689	0.013856	-0.054995	-0.003411	0.013216	0.008527	-0.002240	-0.009153	-0.000906	0.008509	0.008962	-0.003018	-0.010986	-0.003568	0.004524	0.005666	0.000606	-0.003139	-0.004921	0.003485	0.017034	-0.001261	-0.013893	-0.022207	-0.016489	0.041146	0.027068	-0.034306	-0.010449	0.009178	0.000384	0.019319	0.004255	-0.076275	-0.021707	0.153488	0.006908	-0.225135	0.028002	0.229266	0.020330	-0.132401	-0.048574	-0.053660	-0.047023	0.221071	0.040946	-0.204216	0.038368	0.000892	-0.009595	0.244224	0.028742	-0.418730	-0.092450	0.415484	0.061600	-0.260829	-0.029004	0.105065	0.028981	-0.029281	-0.013039	
0.000000	0.022693	0.065992	-0.021426	-0.170913	0.005614	0.287805	0.015141	-0.387173	0.008461	0.412487	-0.080335	-0.301155	0.077461	0.084456	-0.104974	0.125760	0.085665	-0.162324	0.110661	0.020922	-0.041813	0.171257	-0.102044	-0.274464	-0.030810	0.239102	0.091373	-0.140291	0.055947	0.094016	-0.150661	-0.054147	0.101504	0.017768	-0.036667	-0.003376	0.013172	0.027692	-0.020068	-0.036565	0.035127	0.027836	-0.018841	-0.016861	-0.020819	0.004883	0.026270	0.005625	-0.002811	-0.010883	0.000537	0.012409	-0.011014	-0.013552	0.009408	0.015804	-0.014753	-0.016969	0.025397	0.014613	-0.020735	-0.001493	0.022488	0.012739	-0.043062	-0.036954	0.057022	0.035671	-0.020297	-0.018622	-0.049915	0.032943	0.018570	-0.054596	0.037070	0.080215	0.049429	-0.056728	0.015265	-0.019950	-0.075700	0.103522	-0.050211	-0.144860	0.004654	0.133690	0.096066	-0.063897	-0.021128	0.042792	-0.071280	-0.050040	0.060114	0.040112	-0.023867	
0.000000	-0.006814	0.008737	0.017296	0.025851	-0.032684	-0.076465	0.035592	0.145504	-0.026967	-0.199432	0.012555	0.207836	-0.001660	-0.213822	0.109220	0.234836	-0.108717	-0.067386	-0.070433	-0.251320	0.048450	0.416631	0.040357	-0.390543	0.027113	0.322093	-0.038825	-0.252916	-0.016922	0.172559	0.044976	-0.083892	-0.053967	0.037616	0.026069	-0.017150	-0.002557	0.000837	-0.005691	0.015254	0.003367	-0.025895	0.007175	0.015961	-0.004186	0.002422	0.000567	-0.003121	-0.004724	-0.003328	-0.002702	0.001459	0.011741	0.005307	-0.001233	-0.009265	0.000290	0.004090	-0.015203	0.008155	0.019454	-0.022183	-0.022117	0.046086	0.059820	-0.075754	-0.129501	0.085305	0.119675	-0.080893	0.057751	0.060713	-0.071454	0.016240	-0.081419	-0.094377	-0.012948	0.095829	0.079309	-0.026601	0.066931	-0.052842	-0.030507	0.091776	-0.093076	-0.050950	0.018502	-0.003727	0.080528	0.027078	-0.064873	-0.011630	0.013208	-0.007748	0.005530	
0.000000	-0.000620	0.061287	0.026427	-0.124669	-0.156805	0.140475	0.323093	-0.086961	-0.203170	0.071816	-0.202187	-0.148925	0.224808	0.162143	0.140704	-0.069847	-0.057416	-0.043899	-0.235911	0.082059	-0.004768	-0.076542	0.190694	0.039314	0.107808	0.034933	-0.186115	-0.079046	-0.105742	0.049908	0.293009	0.001569	-0.240479	-0.012715	0.118361	0.004348	-0.040092	0.000735	0.008654	0.005945	-0.001204	-0.019678	0.004920	0.016806	-0.000126	-0.009976	-0.004902	0.004915	0.006122	-0.005395	-0.009102	0.007355	0.019477	0.006759	-0.011414	-0.010278	0.002481	-0.014835	-0.016173	0.034464	0.013457	-0.041728	0.017755	0.046148	-0.077137	-0.083540	0.123662	0.150680	-0.103552	-0.196868	-0.008904	0.156281	0.048668	-0.015443	0.034084	-0.151626	-0.010650	0.186186	-0.043658	-0.070024	-0.020100	-0.056342	0.044096	0.102600	0.029846	-0.109845	-0.055164	0.113150	-0.009897	-0.100050	0.071711	0.065714	-0.075428	-0.042185	0.037880	
0.000000	-0.005115	0.027296	0.014254	-0.025364	-0.028813	0.039200	0.029085	-0.067837	-0.007376	0.101977	-0.021627	-0.070386	-0.003600	-0.030477	-0.003795	0.093647	0.014968	-0.068694	0.023605	0.020972	0.009317	0.034135	0.009814	-0.064585	-0.035043	0.066668	-0.034024	-0.048939	0.084174	0.047090	-0.069510	-0.027872	0.006841	0.007684	0.020003	-0.005900	-0.008844	0.012155	-0.004013	-0.014378	0.014460	0.012034	-0.016312	-0.008412	0.011533	0.005607	-0.004491	-0.001097	-0.004498	-0.006110	0.005848	0.009730	0.011360	-0.007147	-0.031252	0.010633	0.028443	-0.020712	-0.024941	0.034480	0.020731	-0.009186	-0.002809	-0.047615	-0.025556	0.120138	0.038615	-0.192123	-0.005054	0.278727	-0.073021	-0.314296	0.033995	0.267681	0.111942	-0.120403	0.012220	-0.101399	-0.122457	0.330188	-0.047527	-0.430817	0.022967	0.378404	0.121970	-0.259148	-0.070078	0.150447	-0.036725	-0.060329	0.052347	0.019230	-0.030673	-0.013972	0.014555	
0.000000	0.003751	0.041265	0.009430	-0.095196	-0.027121	0.119504	0.045488	-0.098806	-0.053523	0.073350	0.021222	-0.057944	0.050806	0.084854	-0.060332	-0.095074	-0.007496	0.015575	0.021459	0.078517	-0.006942	-0.116755	0.019101	0.114277	0.018256	-0.066769	-0.023966	0.037204	-0.047985	-0.042731	0.087390	0.039338	-0.074071	-0.010653	0.036887	-0.011644	-0.011736	0.004146	0.007759	0.016041	-0.021320	-0.016306	0.044101	0.002375	-0.029955	-0.002332	0.004595	0.005972	0.002630	-0.008406	-0.011581	0.013782	0.015581	-0.013279	-0.018358	0.008972	0.013203	0.001773	0.002459	-0.008714	0.003328	-0.000478	-0.048978	0.023748	0.140945	-0.021114	-0.227859	-0.045039	0.166750	0.108054	0.152304	-0.119370	-0.193418	0.142078	-0.189030	-0.138331	0.014068	0.077595	0.243160	-0.012814	0.151115	-0.046396	-0.145353	0.106987	-0.277688	-0.100290	0.175477	0.001249	0.266797	0.108511	-0.424187	-0.127329	0.253103	0.074327	-0.068076	
0.000000	-0.002434	-0.042362	-0.031685	0.053236	0.138469	-0.027627	-0.288787	-0.053247	0.269288	0.149682	0.023193	-0.156744	-0.241139	0.125079	0.033400	-0.201783	0.266574	0.273673	-0.065633	-0.198005	-0.250046	0.073685	-0.014112	-0.044306	0.272619	0.073591	-0.007698	-0.075604	-0.280423	0.048551	0.296973	-0.017373	-0.161385	-0.002242	0.047050	0.003591	-0.010161	0.007593	-0.006951	-0.022695	0.017266	0.028253	-0.023729	-0.019375	0.015692	0.008035	-0.000419	-0.001625	-0.001759	0.004138	-0.005531	-0.006802	0.013099	0.002062	-0.008703	-0.004432	0.000096	0.003907	-0.005284	0.009043	0.016276	-0.015223	-0.018834	0.017316	0.047751	-0.038967	-0.093844	0.056392	0.089110	-0.046648	0.002831	0.037860	-0.050653	-0.036049	-0.044629	0.043704	0.046780	-0.085375	0.058352	0.118413	-0.027015	-0.097117	-0.066094	0.052983	0.055827	-0.041444	0.028370	0.043124	-0.093395	-0.034979	0.081707	0.022596	-0.027339	-0.013708	0.006276	
0.000000	-0.007624	0.008533	0.020619	-0.019982	-0.079050	0.034409	0.207738	-0.016705	-0.248403	-0.037439	0.029095	0.027049	0.188221	0.115525	-0.085843	-0.251237	-0.089333	0.200260	-0.009917	-0.075395	0.161684	0.021480	-0.022718	-0.002012	-0.127852	-0.015475	0.024455	0.004422	0.108704	0.035722	-0.107736	-0.045654	0.050522	0.029158	-0.017194	-0.020971	0.009879	0.019282	-0.015198	-0.008039	0.011065	0.011946	-0.003271	-0.018406	0.001681	0.010287	0.003938	-0.001806	-0.002502	-0.001400	0.003789	0.009440	-0.003498	-0.014386	0.006472	0.004413	-0.004559	0.001170	-0.005266	0.007153	0.022710	-0.034214	-0.071516	0.055882	0.168767	-0.069526	-0.286167	0.054221	0.295288	-0.055177	-0.061974	0.128625	-0.153768	-0.218904	0.009397	0.259219	0.121242	-0.255640	0.042440	0.209879	-0.016930	-0.127471	-0.153480	0.051986	0.064220	-0.014915	0.119952	0.035882	-0.183811	-0.061645	0.143581	0.051964	-0.066616	-0.031599	0.022735	
0.000000	0.004636	-0.002421	-0.022095	-0.019696	0.034817	0.018194	-0.051295	-0.006299	0.070818	0.011938	-0.056745	-0.016904	0.035571	-0.026770	-0.000872	0.121698	-0.017043	-0.161095	0.022075	0.100147	-0.019083	-0.033758	0.006271	0.018693	-0.012240	-0.029667	-0.008742	0.027354	0.001450	-0.035678	0.043391	0.030238	-0.037124	-0.018647	0.009218	0.013312	-0.003246	-0.002519	-0.004773	-0.004073	0.006686	0.009940	0.006280	-0.005514	-0.010959	-0.001305	0.000269	-0.000790	-0.001059	0.007901	0.012614	-0.013449	-0.017677	0.006701	0.012498	0.000669	-0.015708	0.003340	0.018291	-0.003655	-0.004350	0.001022	-0.037277	0.018746	0.142857	-0.020114	-0.268948	-0.037492	0.294664	0.118610	-0.019700	-0.172477	-0.254477	0.206775	0.062225	-0.268355	0.166664	0.289129	0.048070	-0.246108	-0.170758	0.186461	-0.136213	-0.120805	0.234485	0.034641	0.060965	0.051190	-0.295944	-0.090284	0.256773	0.065514	-0.099572	-0.017289	0.013467	
0.000000	0.003802	0.006634	0.003714	-0.010673	-0.008845	-0.007081	-0.023909	0.021826	0.057980	-0.032849	-0.012060	0.063158	-0.046932	-0.198298	0.015483	0.408282	0.029366	-0.456873	0.094044	0.326323	-0.149769	-0.194568	-0.027622	0.086571	0.090186	-0.029747	0.039211	0.010365	-0.156128	-0.011808	0.185273	0.015065	-0.126522	-0.008396	0.050285	-0.001599	-0.009623	-0.001885	-0.010790	0.006679	0.012615	0.000800	-0.011230	-0.005056	-0.001710	-0.004104	0.009003	0.002013	0.000580	0.009929	-0.010346	-0.021521	0.012913	0.020666	-0.015802	-0.003406	0.019302	-0.004295	-0.009681	0.001500	0.007054	-0.004993	-0.018351	0.008490	0.055952	-0.017828	-0.109122	0.038417	0.122051	-0.096428	-0.048318	0.180673	-0.057597	-0.242898	0.039051	0.240065	0.044263	-0.211168	-0.010433	0.165496	0.001556	-0.107233	-0.036483	0.060606	-0.009315	-0.045478	0.035751	0.038263	-0.011342	-0.020527	-0.024113	-0.010411	0.037663	0.024468	-0.020911	
0.000000	-0.006053	0.010434	0.021608	-0.017118	-0.075581	0.031192	0.187680	-0.021451	-0.317668	-0.062516	0.268033	0.137041	0.090641	-0.063992	-0.361308	-0.079594	0.078799	0.101428	0.355492	-0.031643	-0.193281	0.019058	-0.220908	-0.053759	0.099430	0.048442	0.245050	-0.014722	-0.291486	-0.002984	0.168005	-0.004745	-0.069114	0.009857	0.024605	-0.004687	-0.011447	0.002683	0.005709	-0.006178	0.003032	0.001543	-0.016504	0.001594	0.019051	-0.001311	-0.007143	-0.001358	0.002209	0.002622	-0.002280	-0.004317	-0.006266	0.007578	0.019610	-0.013425	-0.023756	0.020242	0.015738	-0.019775	-0.007138	0.018851	-0.001653	-0.016206	0.005437	0.004235	-0.012849	0.003113	0.044243	0.009608	-0.063972	-0.037770	-0.020196	0.055899	0.129407	-0.064443	0.039701	0.078613	-0.160453	-0.075714	-0.133258	0.029759	0.213789	0.006933	0.057788	-0.004738	-0.172203	-0.003207	0.113059	0.000438	-0.044085	0.005606	0.006545	-0.001452	0.003103	
0.000000	-0.001163	0.007150	0.008380	0.019050	0.017383	-0.007839	-0.087193	-0.015393	0.125128	0.046285	-0.051360	-0.075255	-0.076375	0.066277	0.126171	-0.038908	0.008868	0.011393	-0.179642	-0.003900	0.098447	-0.000311	0.104084	0.018449	-0.051215	-0.015816	-0.123727	-0.006462	0.126962	0.004907	-0.045500	-0.008024	-0.000147	0.008446	0.004459	0.005984	-0.010485	-0.009607	0.010729	-0.005805	-0.001359	0.006175	-0.016312	-0.000677	0.010177	-0.000187	0.002384	-0.001555	0.001521	0.000918	-0.000959	0.000971	-0.004837	-0.004785	-0.004759	0.006059	0.011944	-0.001384	-0.008721	0.007613	0.017260	-0.021373	-0.039098	0.039803	0.100720	-0.049765	-0.195669	0.045840	0.293697	-0.028005	-0.238725	0.030238	-0.095394	-0.055099	0.263620	0.038124	0.133226	0.010141	-0.286452	-0.040638	-0.194169	0.020223	0.332968	-0.016218	0.058337	0.044249	-0.344555	-0.066405	0.346710	0.067765	-0.216585	-0.046704	0.085594	0.022554	-0.021988	
0.000000	0.002914	-0.008482	-0.012455	0.014689	0.057689	-0.037332	-0.166053	0.066336	0.333475	-0.074662	-0.505529	0.018358	0.411115	0.082450	0.005500	-0.100863	-0.312399	0.037121	0.190972	0.006933	0.139767	0.022592	-0.164221	-0.041801	-0.153802	0.017134	0.320649	0.007745	-0.231211	-0.012849	0.121223	0.010778	-0.054939	-0.006822	0.021827	0.001720	-0.005228	0.004320	-0.000465	-0.005932	0.001944	0.007603	-0.013314	-0.009273	0.012298	0.000612	-0.000214	0.002649	0.001477	-0.001551	-0.005342	0.011168	0.000715	-0.015139	-0.007585	0.010232	0.015429	-0.008610	-0.013130	0.012649	0.010107	-0.004555	0.002561	-0.006427	-0.014643	0.000514	0.016891	0.010885	-0.021628	-0.000885	0.005175	-0.014447	0.010336	0.013302	0.009168	0.004512	0.000378	-0.024569	-0.003222	0.049741	-0.035503	-0.042461	0.008554	0.018113	0.037145	-0.004169	-0.049518	0.000080	0.068004	0.007790	-0.046138	-0.007397	0.013490	-0.001350	-0.003157	
0.000000	0.000305	-0.015724	-0.006912	0.030380	0.014713	-0.034883	-0.044384	0.041546	0.118283	-0.071488	-0.238556	0.088723	0.322212	-0.039562	-0.271409	-0.027148	0.026498	0.045260	0.292606	-0.033329	-0.382453	0.005445	0.095821	0.017327	0.342825	-0.002671	-0.474293	-0.014655	0.310065	0.014289	-0.142383	-0.007348	0.051268	0.009177	-0.018537	-0.004864	0.006395	0.001468	0.000604	0.004724	-0.005855	-0.003107	0.014315	-0.007067	-0.016470	0.004880	0.008724	0.001951	-0.000332	-0.003504	-0.002766	0.006264	0.007747	-0.007487	-0.015160	0.004086	0.015316	-0.001582	-0.009703	0.006747	0.008319	-0.016100	-0.015332	0.024068	0.010811	-0.031903	0.004507	0.033585	-0.018469	-0.020532	0.049706	0.019730	-0.046821	-0.024310	-0.011670	0.023332	0.037335	-0.011140	-0.023512	0.000789	0.024563	-0.005627	-0.024126	0.009858	0.042339	0.002480	-0.055016	-0.004319	0.034804	0.000561	-0.024958	-0.000543	0.005066	0.006529	0.009211	
0.000000	-0.001803	0.002036	0.002277	-0.011716	-0.017119	0.016841	0.048281	-0.001678	-0.072308	-0.000933	0.071773	-0.017400	-0.073853	0.016626	0.094274	0.010760	-0.084744	-0.024150	0.017361	0.006776	0.016506	0.003293	-0.004673	-0.002939	0.008385	-0.001026	-0.006456	0.007398	-0.000182	-0.000207	-0.010410	-0.005382	0.010786	-0.002554	0.002445	0.003767	-0.007349	-0.002155	0.005294	0.001301	0.004512	0.003091	-0.013814	-0.006507	0.013513	0.005600	-0.005169	-0.004496	-0.001726	0.002145	0.004602	0.003321	-0.004523	-0.004637	0.001021	-0.001151	0.000954	0.002294	-0.002584	-0.000632	-0.002311	-0.000959	0.009579	-0.006982	-0.020071	0.015686	0.053981	-0.013714	-0.152702	0.001484	0.278238	0.022826	-0.125754	-0.039793	-0.250736	0.050537	0.137312	-0.066469	0.331890	0.061452	-0.270631	-0.024589	-0.227594	-0.018363	0.514632	0.036157	-0.435847	-0.044291	0.214653	0.040964	-0.066005	-0.016262	0.017182	-0.005497	-0.001657	
0.000000	-0.001804	0.005636	0.008070	-0.008272	-0.004456	-0.000045	-0.010734	0.014528	0.041515	-0.047275	-0.116559	0.101986	0.227221	-0.121031	-0.393693	0.070008	0.499621	-0.009051	-0.358374	-0.006918	0.089650	0.000136	0.092860	0.011847	-0.135623	-0.012753	0.089124	0.005320	-0.038431	-0.004750	0.022803	0.011766	-0.011471	-0.006903	0.003603	0.003478	0.001054	-0.000720	-0.002500	0.003945	-0.001973	-0.002568	0.005419	-0.003645	0.002915	0.004020	-0.003069	0.000453	-0.000943	0.001521	0.000911	-0.012173	0.001019	0.014928	0.002448	-0.003365	-0.007840	-0.002774	0.005517	0.001634	0.000396	-0.001823	-0.006770	0.006051	0.012027	-0.005781	-0.040583	-0.000747	0.106957	0.007293	-0.228384	-0.016776	0.274779	0.032260	-0.085339	-0.025620	-0.152895	0.005797	0.107769	0.000233	0.125966	0.015997	-0.225263	-0.028299	0.189059	0.028454	-0.144368	-0.018306	0.093173	0.011669	-0.034050	-0.008647	0.007863	0.004373	-0.001594	
0.000000	-0.000818	0.000243	-0.002808	-0.003044	-0.004867	0.009050	0.031778	-0.015808	-0.056781	0.029251	0.079052	-0.061565	-0.119638	0.076368	0.225874	-0.042858	-0.323310	0.000895	0.244977	0.020531	-0.047825	-0.018597	-0.124730	0.003400	0.170621	0.006610	-0.087733	-0.007822	0.009782	0.005734	0.019873	-0.001231	-0.016037	0.000535	0.002876	-0.002320	0.003340	0.001365	-0.006057	0.004945	0.003126	-0.006836	-0.007698	0.003602	0.007499	-0.001080	-0.001098	-0.000301	0.002464	0.002102	-0.008229	-0.002128	0.007337	0.001430	0.001296	-0.003850	-0.007949	0.008343	0.010195	-0.008118	-0.002168	-0.001682	-0.011306	0.018010	0.033539	-0.018242	-0.084814	0.009721	0.218539	-0.004980	-0.424275	-0.026427	0.399959	0.061954	0.008164	-0.044489	-0.303682	0.011224	0.085046	-0.011445	0.241559	0.037068	-0.271011	-0.055493	0.175910	0.044168	-0.113275	-0.012240	0.060725	-0.004334	-0.025651	-0.002451	0.011419	0.001083	-0.002971	
0.000000	0.002418	0.005796	-0.002555	-0.005192	-0.001871	-0.008159	0.004227	0.022476	0.003529	-0.023891	-0.017571	0.015430	0.017472	-0.005782	-0.000481	0.004002	-0.020436	-0.005287	0.039287	0.008703	-0.066661	-0.009051	0.068611	0.009326	-0.023337	-0.011915	-0.023718	0.014491	0.037766	-0.015784	-0.022609	0.007030	0.004452	0.000303	0.000475	0.001044	0.001927	-0.008061	-0.003153	0.008052	0.001072	-0.002036	-0.002484	-0.000949	0.003988	-0.000334	-0.001439	0.000009	-0.000986	-0.000432	0.001215	0.005068	0.002682	-0.010084	-0.011457	0.006179	0.006967	-0.001056	0.001865	0.001387	-0.000883	-0.000929	-0.005074	0.000910	0.016475	-0.000160	-0.039354	0.001748	0.097314	-0.003659	-0.230929	-0.003616	0.352183	0.012756	-0.321433	-0.017536	0.031820	0.002588	0.417568	0.028263	-0.569808	-0.039360	0.359994	0.033915	-0.186777	-0.018458	0.125361	0.011215	-0.067102	-0.016738	0.024780	0.006149	-0.007324	-0.000560	-0.001048	
0.000000	-0.001139	-0.001624	0.002144	0.002321	-0.001695	-0.005159	-0.000893	0.014869	0.008671	-0.019956	-0.023761	0.018749	0.039515	-0.008096	-0.053735	0.011695	0.081553	-0.039669	-0.188353	0.065382	0.472627	-0.031130	-0.659295	-0.004348	0.477167	0.004988	-0.196195	0.002450	0.044153	-0.000219	0.003458	0.001942	-0.008529	0.003642	0.006687	-0.005979	-0.006324	0.006827	0.006119	-0.005700	-0.006986	0.002197	0.010517	-0.001673	-0.006043	0.001264	0.000577	-0.002310	-0.001427	0.002272	0.002616	0.000464	0.000784	-0.000207	-0.004751	0.001110	0.005758	-0.002465	-0.005538	0.003955	0.002982	-0.000882	-0.001874	0.000294	-0.007167	0.001639	0.015921	-0.003319	-0.014501	0.012283	0.026603	-0.017309	-0.015983	0.020234	-0.008296	-0.006151	0.002564	-0.005610	0.039010	0.013077	-0.083116	-0.006276	0.065648	-0.006390	-0.036550	0.012910	0.025012	-0.002056	-0.010148	-0.002882	0.003204	0.004784	-0.003706	-0.007319	0.002006	
0.000000	-0.001403	-0.001287	0.002528	0.004229	-0.000723	0.001021	0.000247	-0.007522	-0.007962	0.007488	0.009035	-0.004423	-0.010101	-0.001490	0.025434	0.010136	-0.031069	-0.014138	0.009904	0.010378	0.019636	-0.003300	-0.038140	0.001563	0.020470	-0.003198	0.010198	0.004542	-0.015140	-0.001446	0.006512	-0.001638	0.002656	0.000547	-0.005000	-0.001087	0.003760	0.001155	-0.000964	0.000541	-0.003059	0.000923	0.000466	-0.001478	0.002687	-0.000247	-0.000886	0.000372	-0.000341	-0.000279	-0.004119	0.001016	0.005432	-0.000713	0.001619	0.000192	-0.004807	0.001335	0.002624	-0.003323	-0.000542	0.003804	-0.000691	-0.005206	0.002459	0.006645	-0.003780	-0.008269	0.019206	0.011172	-0.078511	-0.009009	0.257332	0.009525	-0.550954	-0.022021	0.635643	0.031806	-0.415540	-0.024863	0.188469	0.008487	-0.056998	0.003152	0.002390	0.000546	-0.004890	-0.003917	0.007596	-0.001560	0.000342	0.003946	-0.004675	-0.003590	0.002738	
1.000000	0.000000	0.000000	0.000000	0.000000	0.000000	0.000000	0.000000	0.000000	0.000000	0.000000	0.000000	0.000000	0.000000	0.000000	0.000000	0.000000	0.000000	0.000000	0.000000	0.000000	0.000000	0.000000	0.000000	0.000000	0.000000	0.000000	0.000000	0.000000	0.000000	0.000000	0.000000	0.000000	0.000000	0.000000	0.000000	0.000000	0.000000	0.000000	0.000000	0.000000	0.000000	0.000000	0.000000	0.000000	0.000000	0.000000	0.000000	0.000000	0.000000	0.000000	0.000000	0.000000	0.000000	0.000000	0.000000	0.000000	0.000000	0.000000	0.000000	0.000000	0.000000	0.000000	0.000000	0.000000	0.000000	0.000000	0.000000	0.000000	0.000000	0.000000	0.000000	0.000000	0.000000	0.000000	0.000000	0.000000	0.000000	0.000000	0.000000	0.000000	0.000000	0.000000	0.000000	0.000000	0.000000	0.000000	0.000000	0.000000	0.000000	0.000000	0.000000	0.000000	0.000000	0.000000	0.000000	
