Mean Leaf
0.000000	737.707555	-9.217001	681.347060	-9.199108	614.787374	-9.511979	548.143880	-10.282866	481.828775	-13.461534	416.379378	-24.768756	354.571779	-48.262489	300.500794	-83.664272	256.117712	-128.430862	220.248912	-180.298045	189.855105	-236.373778	161.665350	-290.288491	130.280245	-332.884591	91.718721	-356.638981	44.968217	-358.189035	-6.457594	-341.626095	-59.474988	-310.139466	-110.041671	-270.065066	-156.467795	-222.506859	-194.876267	-171.097369	-220.481225	-120.103273	-228.654277	-74.649760	-219.173596	-35.779677	-198.189750	-2.586477	-186.716516	31.148555	-200.440441	70.031431	-223.258780	116.219770	-233.047070	168.133322	-224.942175	220.415728	-199.554498	268.806874	-161.796688	309.727173	-115.637643	341.386771	-64.934998	359.256017	-12.533562	356.919907	38.397604	333.912871	84.369711	291.629535	123.659829	237.794160	156.008344	181.673253	185.442989	129.968334	217.081421	85.400995	254.380657	50.158016	299.806864	26.826825	354.635610	15.310583	416.535365	11.174223	481.968079	9.614802	548.320461	8.869510	614.892660	8.969809	681.399633	

Eigenvalues
740490.791628	199316.960165	109489.215168	88216.904957	19367.325738	10263.474410	8406.083055	7512.658243	5172.196314	4408.009002	4263.271491	2478.218440	2385.469665	1630.226438	1605.642176	1440.968437	1137.994974	1026.395678	949.872951	726.290285	656.514028	619.171906	560.269076	527.348348	484.377745	410.566607	357.566652	345.769237	330.087044	310.234222	279.431234	244.832733	237.031989	218.701772	190.646343	174.557712	159.782554	138.742708	129.676843	122.651015	114.611071	108.369318	97.647212	92.926316	83.378540	79.219039	77.377766	73.933548	71.045946	69.726819	63.546734	60.132907	51.382792	48.976299	42.636023	40.080890	38.276841	32.976867	29.884794	27.633387	26.608395	25.899516	24.712324	20.630778	20.274020	19.709959	19.177321	17.205520	17.071258	16.732786	15.244784	14.244999	13.951552	11.592090	10.992731	8.702227	7.873735	6.860654	6.756569	5.599907	5.034588	4.567593	4.246420	3.627890	3.476366	3.377078	2.786185	2.292251	1.795250	1.575695	1.022116	0.766862	0.649871	0.540496	0.435321	0.000000	

Eigenvectors
0.000000	0.300033	-0.001850	0.284671	-0.002343	0.266946	-0.002635	0.248998	-0.001832	0.230942	0.001869	0.212079	0.012641	0.189671	0.028886	0.161405	0.043998	0.128944	0.052142	0.096745	0.051632	0.068987	0.042611	0.048800	0.025148	0.037494	-0.000492	0.032767	-0.030417	0.028583	-0.055410	0.020357	-0.068884	0.007314	-0.069007	-0.007634	-0.061355	-0.021580	-0.049980	-0.034341	-0.036114	-0.042283	-0.022425	-0.044752	-0.011655	-0.040823	-0.003725	-0.028847	0.001374	-0.019223	0.007394	-0.028919	0.015453	-0.040312	0.026621	-0.043486	0.040500	-0.039919	0.053862	-0.030731	0.064535	-0.017116	0.070916	-0.001979	0.070511	0.013215	0.056234	0.026907	0.029363	0.034926	-0.001723	0.037720	-0.028611	0.041262	-0.046535	0.051601	-0.055603	0.071184	-0.056148	0.098187	-0.048087	0.129626	-0.033535	0.161602	-0.017928	0.189487	-0.007724	0.211904	-0.003845	0.230788	-0.002472	0.248818	-0.001332	0.266770	0.000020	0.284444	
0.000000	-0.081804	-0.000449	-0.058172	-0.001072	-0.033027	-0.001181	-0.008227	-0.000594	0.016417	0.003706	0.040004	0.021502	0.057576	0.058111	0.062416	0.108423	0.052790	0.163976	0.032546	0.214532	0.008826	0.254303	-0.008691	0.273685	-0.010025	0.264623	0.006175	0.228258	0.032056	0.173003	0.054659	0.124822	0.072427	0.089329	0.083098	0.065906	0.092977	0.046848	0.099283	0.028503	0.096195	0.013971	0.077438	0.004587	0.049645	0.001655	0.026798	0.004397	0.023208	0.006640	0.032791	0.004650	0.059950	-0.004450	0.090291	-0.021738	0.106754	-0.040829	0.109046	-0.061247	0.103058	-0.086485	0.094113	-0.122227	0.082610	-0.175101	0.065089	-0.229950	0.040543	-0.269028	0.015729	-0.278451	-0.000851	-0.259264	-0.000103	-0.219260	0.016262	-0.168446	0.038871	-0.112897	0.057419	-0.062256	0.065010	-0.026482	0.058015	-0.009494	0.039454	-0.005238	0.015912	-0.004220	-0.008577	-0.003755	-0.033326	-0.002607	-0.058439	
0.000000	-0.097158	0.005755	-0.086261	0.014600	-0.074679	0.021346	-0.062638	0.027108	-0.050548	0.033428	-0.039776	0.040042	-0.030073	0.044807	-0.016736	0.049285	0.003062	0.053502	0.028213	0.056396	0.058956	0.053952	0.096232	0.034307	0.140387	-0.010919	0.179404	-0.065240	0.201038	-0.112171	0.203574	-0.142422	0.193653	-0.162876	0.176344	-0.175711	0.157473	-0.182997	0.130033	-0.183541	0.073167	-0.167527	-0.023801	-0.125166	-0.130382	-0.068681	-0.215269	-0.015100	-0.249275	0.038336	-0.211083	0.091761	-0.130605	0.130735	-0.034476	0.146881	0.046793	0.150515	0.089842	0.151054	0.104434	0.146833	0.114032	0.135861	0.124889	0.114347	0.130941	0.075359	0.130402	0.025164	0.115849	-0.011241	0.086309	-0.026944	0.055317	-0.024698	0.029826	-0.016422	0.009777	-0.005650	-0.006888	0.005859	-0.019733	0.016030	-0.029459	0.023858	-0.037696	0.026657	-0.047948	0.024058	-0.059562	0.018071	-0.071789	0.010682	-0.083233	
0.000000	0.022487	0.040395	0.013331	0.081264	0.010782	0.113317	0.009215	0.135843	0.008284	0.148296	0.008346	0.151409	0.010017	0.145390	0.015555	0.131429	0.027368	0.115839	0.043591	0.100796	0.064862	0.086396	0.089036	0.073496	0.113985	0.059287	0.137689	0.043948	0.154559	0.024792	0.161872	0.001377	0.158885	-0.025692	0.146960	-0.048762	0.131971	-0.069053	0.110518	-0.085178	0.086584	-0.092705	0.066060	-0.093469	0.050305	-0.089821	0.043290	-0.093423	0.040253	-0.112109	0.030397	-0.136642	-0.003018	-0.151521	-0.052462	-0.150259	-0.100228	-0.135577	-0.143227	-0.110696	-0.174494	-0.082441	-0.195780	-0.051983	-0.211589	-0.018769	-0.218335	0.013021	-0.210214	0.041008	-0.186359	0.061385	-0.152696	0.079224	-0.115084	0.095523	-0.079224	0.112986	-0.048599	0.128915	-0.023128	0.141872	-0.004253	0.148108	0.008166	0.146828	0.015144	0.135601	0.018035	0.113112	0.020053	0.080787	0.022204	0.040072	0.025370	
0.000000	-0.005024	0.000080	-0.008878	-0.000319	-0.015842	-0.001184	-0.022974	-0.006009	-0.029260	-0.032494	-0.027524	-0.110651	0.007109	-0.201567	0.081775	-0.243100	0.165212	-0.223230	0.218589	-0.162330	0.223268	-0.086391	0.173791	0.009380	0.085446	0.124793	0.011096	0.206303	-0.010959	0.193502	0.008499	0.102123	0.013902	0.026850	0.003637	-0.012809	-0.015252	-0.029074	-0.021736	-0.032280	-0.020528	-0.027171	-0.019324	-0.019465	-0.024628	-0.011739	-0.041369	-0.008149	-0.075075	-0.007687	-0.077393	0.004601	-0.060355	0.019836	-0.043726	0.028208	-0.029882	0.023170	-0.015406	0.010979	-0.005174	-0.026566	0.009201	-0.107416	0.022634	-0.195274	0.009068	-0.203966	-0.007749	-0.120223	0.017391	-0.003260	0.095266	0.095788	0.179558	0.172514	0.224717	0.232586	0.217162	0.251784	0.162213	0.208622	0.078798	0.117529	0.006401	0.039529	-0.026864	0.009540	-0.028629	0.002337	-0.022735	0.001589	-0.015667	0.001051	-0.009095	
0.000000	-0.010289	-0.005511	-0.009547	-0.015500	-0.007046	-0.027820	-0.004612	-0.040016	-0.001823	-0.050877	0.002257	-0.057926	0.008387	-0.053292	0.016354	-0.042781	0.021112	-0.034088	0.023043	-0.033503	0.017814	-0.026708	0.009495	-0.008218	-0.003507	0.017676	-0.011464	0.035660	-0.011198	0.046434	-0.012260	0.055588	-0.010854	0.061108	-0.009665	0.070803	-0.004835	0.083346	0.058220	0.064989	0.191948	-0.001554	0.328926	-0.092894	0.402532	-0.164711	0.319195	-0.190388	0.002739	-0.169014	-0.302390	-0.103757	-0.365704	-0.014141	-0.307832	0.057992	-0.181770	0.085604	-0.067459	0.071221	-0.005679	0.064647	-0.001185	0.068910	-0.001110	0.076262	0.011921	0.067295	0.037387	0.029564	0.045427	-0.014667	0.030451	-0.046433	0.006268	-0.063095	-0.010934	-0.070460	-0.018142	-0.071756	-0.017280	-0.070082	-0.014912	-0.064821	-0.008413	-0.053141	-0.002104	-0.041006	-0.001439	-0.028707	-0.002529	-0.016422	-0.004610	-0.006024	-0.007042	
0.000000	0.100337	0.008888	0.079842	0.017497	0.060069	0.020304	0.039913	0.008957	0.021012	-0.021414	0.011361	-0.055250	0.006863	-0.074556	-0.012040	-0.085097	-0.058925	-0.084174	-0.124048	-0.072413	-0.196076	-0.038198	-0.256072	0.035478	-0.285184	0.109925	-0.234578	0.107090	-0.132534	0.033122	-0.055934	-0.034909	-0.022385	-0.062825	0.001640	-0.078804	0.030771	-0.095586	0.093219	-0.119460	0.171852	-0.158460	0.177386	-0.155803	0.075852	-0.091511	-0.054867	-0.004955	-0.159388	0.077389	-0.101936	0.146602	0.026848	0.158504	0.135522	0.130179	0.148942	0.101832	0.085784	0.086599	0.038004	0.072868	0.022541	0.032947	0.015504	-0.035882	-0.016000	-0.106198	-0.099812	-0.105194	-0.193937	-0.041434	-0.229825	0.043381	-0.214449	0.079179	-0.157932	0.105175	-0.095411	0.115962	-0.035877	0.116458	-0.000136	0.105292	0.013372	0.074084	0.014544	0.043281	0.024647	0.031137	0.043373	0.024271	0.064144	0.015179	0.084294	
0.000000	-0.015446	0.060269	-0.031724	0.117286	-0.032004	0.158143	-0.029530	0.185304	-0.026771	0.200034	-0.024660	0.201811	-0.028790	0.200015	-0.045285	0.190301	-0.079382	0.162956	-0.115261	0.119696	-0.142801	0.069777	-0.156039	0.030633	-0.152022	0.015990	-0.133778	0.007545	-0.104275	0.002876	-0.083505	0.026656	-0.076860	0.052735	-0.072477	0.067583	-0.081946	0.079635	-0.076333	0.083836	-0.047780	0.072837	-0.006406	0.057560	0.056660	0.033808	0.098744	0.017769	0.045496	-0.001326	-0.047962	0.006098	-0.067003	0.029381	-0.061969	0.059841	-0.020180	0.072724	0.029242	0.066821	0.059479	0.061438	0.062200	0.069042	0.066060	0.072551	0.101093	0.039551	0.149334	0.022985	0.168801	0.027112	0.180080	0.040317	0.182627	0.072829	0.173342	0.120013	0.151707	0.167993	0.118061	0.205015	0.075693	0.216861	0.040216	0.206329	0.014061	0.187695	0.002597	0.160538	-0.001723	0.119240	-0.003833	0.062327	-0.003887	
0.000000	-0.040262	0.080751	-0.053108	0.136050	-0.047179	0.157720	-0.041556	0.140359	-0.035076	0.083307	-0.022219	-0.008745	0.016680	-0.080452	0.080497	-0.097548	0.139359	-0.075435	0.172104	-0.048106	0.175719	-0.035701	0.156427	-0.026042	0.125505	-0.037877	0.099024	-0.074247	0.071331	-0.126606	0.008749	-0.122317	-0.068966	-0.062277	-0.119115	0.008257	-0.125761	0.076410	-0.118431	0.139370	-0.094881	0.181196	-0.035886	0.199405	0.062635	0.169191	0.130694	0.109631	0.062327	0.090035	-0.064281	0.099576	-0.096451	0.104832	-0.046792	0.095529	0.036246	0.079169	0.073053	0.072802	0.082852	0.075909	0.068326	0.081383	0.048245	0.035551	-0.001258	-0.046721	-0.084824	-0.119752	-0.177810	-0.149966	-0.235661	-0.141414	-0.232052	-0.124003	-0.176986	-0.077497	-0.100056	-0.010207	-0.032402	0.061521	-0.001970	0.105916	0.003614	0.132921	0.004407	0.157136	0.002975	0.163629	-0.000583	0.138741	-0.007144	0.082849	-0.013382	
0.000000	0.122063	0.039748	0.095192	0.067546	0.076177	0.081191	0.055884	0.089263	0.034320	0.118140	-0.000686	0.171852	-0.067979	0.155336	-0.130981	0.051534	-0.128862	-0.062944	-0.046091	-0.135420	0.074730	-0.166330	0.175913	-0.161416	0.210135	-0.113556	0.154919	0.017385	0.069121	0.168182	0.035825	0.199652	0.058066	0.128739	0.053498	0.054732	0.029488	0.033958	0.028847	0.021391	0.099234	-0.014747	0.173111	-0.042674	0.178904	-0.020695	0.117872	0.043670	0.022045	0.120145	0.048384	0.161040	0.133905	0.139948	0.168035	0.101517	0.127268	0.070461	0.068522	0.014323	0.083880	-0.081400	0.105923	-0.171928	0.090239	-0.180966	0.068378	-0.076552	0.057480	0.041618	0.083496	0.083814	0.101388	0.093125	0.060252	0.082307	-0.033000	0.027566	-0.127487	-0.058869	-0.177463	-0.121906	-0.146495	-0.093013	-0.060356	0.002712	0.016803	0.058134	0.055430	0.071708	0.077657	0.061821	0.097661	0.036815	0.115131	
0.000000	-0.048677	0.023259	-0.033264	0.040740	-0.010969	0.050486	0.010673	0.063873	0.028965	0.082065	0.039764	0.102019	0.038682	0.103805	0.028840	0.081806	0.015976	0.028162	0.013398	-0.017134	0.021610	-0.051726	0.027874	-0.084685	0.001934	-0.080609	-0.065787	-0.041676	-0.136471	0.058700	-0.162848	0.143808	-0.117421	0.145315	-0.080979	0.128039	-0.033566	0.094933	0.001054	0.047972	-0.024858	0.011629	-0.088857	-0.012115	-0.187093	-0.009845	-0.346635	-0.010542	-0.475132	-0.012378	-0.382273	-0.006892	-0.232280	-0.013802	-0.102171	-0.041344	-0.000461	-0.093634	0.048223	-0.153319	0.049637	-0.173123	0.001941	-0.162709	-0.055073	-0.097666	-0.103865	-0.012537	-0.103342	0.036838	-0.069583	0.037961	-0.034706	-0.003438	-0.026108	-0.034867	-0.033100	-0.076833	-0.031452	-0.101895	-0.014827	-0.090636	0.017901	-0.051854	0.043455	-0.000587	0.051463	0.035942	0.041274	0.047145	0.020936	0.039066	0.000299	0.019138	-0.021264	
0.000000	-0.058749	0.053802	-0.057274	0.086824	-0.041407	0.093360	-0.023914	0.077959	-0.007462	0.045767	0.002881	-0.009446	0.021531	-0.038099	0.051333	-0.037264	0.068619	-0.029938	0.072826	-0.029976	0.063811	-0.043138	0.040068	-0.073277	0.007755	-0.124563	-0.049634	-0.163293	-0.097802	-0.177607	-0.117342	-0.191378	-0.128952	-0.204982	-0.154745	-0.189618	-0.146841	-0.172723	-0.103255	-0.165792	0.040078	-0.179768	0.156567	-0.188205	0.193147	-0.155217	0.113471	-0.114331	-0.053846	-0.095316	-0.019087	-0.106604	0.129934	-0.158136	0.224540	-0.214827	0.198095	-0.203826	0.095471	-0.145441	0.035131	-0.099865	0.038109	-0.082083	0.054806	-0.072378	0.058385	-0.050402	0.043081	-0.024556	0.052947	-0.009488	0.067163	-0.044797	0.087188	-0.087767	0.090592	-0.107926	0.089813	-0.088020	0.075962	-0.044725	0.051594	-0.010005	0.023868	0.022066	0.017599	0.069545	0.005361	0.090589	-0.011399	0.084086	-0.029631	0.051332	-0.044821	
0.000000	0.120643	0.033195	0.089458	0.055003	0.059425	0.058579	0.031125	0.043958	0.002097	0.017186	-0.028640	-0.002648	-0.064520	-0.045203	-0.101547	-0.104080	-0.115572	-0.122138	-0.114824	-0.090417	-0.104496	-0.042229	-0.087505	-0.005375	-0.067970	0.037955	-0.014686	0.048297	0.038003	0.004341	0.066204	-0.026056	0.066974	-0.028469	0.084321	-0.068422	0.053280	-0.100051	-0.047256	-0.099823	-0.200306	-0.038170	-0.261424	0.002650	-0.162289	-0.023330	0.042826	-0.109198	0.132695	-0.189581	-0.015064	-0.231768	-0.194112	-0.181123	-0.243972	-0.126170	-0.109988	-0.100003	0.041438	-0.076804	0.120178	-0.090901	0.188577	-0.091781	0.221083	-0.123453	0.223276	-0.154103	0.162385	-0.117205	0.063219	-0.063810	-0.025077	-0.022676	-0.093233	0.000892	-0.132529	0.023860	-0.149728	0.015645	-0.142968	-0.010679	-0.117079	-0.002083	-0.065595	0.032454	-0.017790	0.053286	0.014206	0.065020	0.044107	0.061178	0.073479	0.040288	0.104152	
0.000000	-0.077968	0.091541	-0.102867	0.140375	-0.082667	0.142559	-0.059692	0.115089	-0.037489	0.076585	-0.021692	0.029536	-0.011669	-0.019226	-0.000475	-0.058413	0.012643	-0.110018	0.023181	-0.146068	0.017888	-0.155833	-0.009114	-0.141632	-0.057126	-0.058369	-0.123018	0.054684	-0.147983	0.129145	-0.084808	0.118769	-0.001946	0.089357	0.094006	0.037786	0.126535	-0.036850	0.085193	-0.100631	-0.032472	-0.115400	-0.106185	-0.122185	-0.138381	-0.129023	-0.104317	-0.120804	0.101873	-0.062116	0.201975	-0.006966	0.127654	0.032699	-0.020263	0.091124	-0.173057	0.170344	-0.248655	0.177203	-0.193935	0.174499	-0.125556	0.121601	-0.067888	0.019283	-0.013700	-0.062846	-0.016127	-0.083001	-0.013102	-0.086882	0.017585	-0.122227	0.054186	-0.162802	0.053410	-0.198717	0.039289	-0.198779	0.038141	-0.144916	0.052489	-0.066606	0.060615	0.020075	0.055936	0.095745	0.044366	0.140144	0.022570	0.139155	-0.004843	0.090371	-0.024835	
0.000000	0.079543	0.053017	0.037087	0.073862	0.013055	0.070282	-0.009718	0.029903	-0.028322	-0.047216	-0.033183	-0.130885	-0.017410	-0.180308	-0.006303	-0.183098	-0.016690	-0.149640	-0.060692	-0.104603	-0.104323	-0.061110	-0.095830	-0.049472	-0.029030	-0.093478	0.087215	-0.161167	0.140413	-0.142702	0.077019	-0.021110	0.040988	0.089229	0.071596	0.173199	0.182930	0.206061	0.315262	0.162330	0.312990	0.121944	0.177009	0.094942	-0.015650	0.074416	-0.191042	0.047848	-0.135037	0.014685	0.086940	-0.055691	0.104222	-0.113951	0.031414	-0.134148	-0.008546	-0.145052	-0.013248	-0.115963	-0.024044	-0.075549	-0.003953	0.002775	0.023283	0.100793	0.059806	0.110709	0.123553	-0.020785	0.151253	-0.123594	0.085058	-0.122939	0.001897	-0.073451	0.001492	-0.004836	0.037670	0.059422	0.072731	0.102429	0.063046	0.110372	0.034849	0.081898	0.014532	0.061527	0.018108	0.067290	0.037670	0.067891	0.059433	0.045128	0.080892	
0.000000	-0.038480	0.001925	-0.025392	-0.009913	-0.015496	-0.018324	-0.005769	-0.013338	0.003478	0.007982	0.003632	0.045596	-0.014935	0.071116	-0.047332	0.044333	-0.075616	0.013734	-0.075355	-0.002183	-0.056952	-0.008377	-0.039622	-0.022366	-0.021264	-0.055380	-0.007609	-0.108872	-0.025392	-0.120218	-0.033593	-0.160448	-0.049647	-0.179886	-0.068542	-0.176636	-0.046634	-0.120232	0.081435	-0.100540	0.227006	-0.061676	0.170439	0.064762	0.006260	0.224612	-0.052246	0.299555	0.074967	0.232982	0.109312	0.097773	-0.080879	0.037011	-0.320047	0.060650	-0.367050	0.053580	-0.193326	-0.044001	-0.005281	-0.132883	0.033939	-0.224245	0.006243	-0.248529	-0.046671	-0.190465	-0.054411	-0.073876	-0.039397	-0.016758	0.024543	-0.009876	0.070745	-0.022445	0.071724	-0.027413	0.054176	-0.034147	0.037379	-0.036939	0.027533	-0.026851	0.019955	-0.023323	0.014127	-0.017603	0.007701	-0.014059	-0.003220	-0.006715	-0.016280	0.007990	-0.028683	
0.000000	0.040029	-0.045221	0.019908	-0.075565	-0.003133	-0.071154	-0.024611	-0.031761	-0.046201	0.029905	-0.079728	0.093147	-0.140917	0.082347	-0.213430	0.007821	-0.237343	-0.072810	-0.204312	-0.132456	-0.144373	-0.144843	-0.061139	-0.133240	0.024899	-0.091481	0.096356	-0.045345	0.134109	-0.024747	0.157245	-0.048088	0.117060	-0.055161	0.060270	-0.038142	0.016020	-0.021144	-0.088701	0.027206	-0.154836	0.083457	-0.109787	0.075175	0.069508	0.033770	0.176914	-0.000270	-0.082091	0.000637	-0.256370	0.041819	-0.084361	0.024562	0.099011	-0.036702	0.145989	-0.054275	0.011996	-0.010248	-0.123518	0.047504	-0.192083	0.064587	-0.174895	-0.029314	-0.124740	-0.175033	-0.099682	-0.244704	-0.075419	-0.201644	-0.017233	-0.150131	0.090011	-0.096179	0.168253	-0.044054	0.179761	-0.003365	0.141961	0.010627	0.091276	0.002012	0.048567	-0.019250	0.018299	-0.054421	0.017948	-0.072992	0.029240	-0.073474	0.042485	-0.041027	0.056765	
0.000000	-0.064965	0.008441	-0.070406	0.002048	-0.059531	-0.009093	-0.041609	-0.044647	-0.018946	-0.112533	0.021275	-0.176370	0.093684	-0.111729	0.135618	0.007942	0.070803	0.058487	-0.061207	0.029448	-0.150184	-0.014589	-0.130272	-0.088936	-0.000297	-0.196780	0.109506	-0.196833	0.116161	-0.038314	0.046678	0.196134	0.068376	0.227888	0.148018	0.070336	0.085888	-0.092006	-0.116923	-0.122514	-0.233927	-0.101871	-0.090144	-0.142689	0.079778	-0.131887	0.155613	-0.014948	0.104271	0.109532	-0.017494	0.151704	0.006102	0.127985	-0.010219	0.111308	-0.084237	0.073869	-0.012820	-0.093023	0.103977	-0.244724	0.093225	-0.239223	0.017770	-0.040077	-0.047373	0.103758	0.009929	0.090896	0.028593	0.011805	-0.049025	-0.009029	-0.113208	-0.025687	-0.081484	-0.039809	0.040829	0.000449	0.176852	0.101677	0.213827	0.144092	0.145237	0.068323	0.055068	0.007486	0.011270	-0.002447	-0.008775	0.001755	-0.029905	0.005592	-0.047818	
0.000000	-0.076075	-0.005389	-0.040250	-0.014522	-0.004517	-0.009409	0.031787	0.016080	0.062346	0.065772	0.076878	0.093383	0.067455	0.061116	0.058128	0.019430	0.066065	-0.011382	0.088121	-0.037479	0.084875	-0.075255	0.033201	-0.142072	-0.073095	-0.175042	-0.209548	-0.118699	-0.219233	-0.057165	-0.075920	-0.015746	0.119375	0.008759	0.273602	-0.008341	0.332656	-0.022976	0.281505	-0.000852	0.115493	0.061610	-0.065558	0.121409	-0.054191	0.109224	0.140488	0.031876	0.273630	-0.052832	-0.004869	-0.064570	-0.149857	-0.024360	-0.023233	-0.009701	0.181870	-0.041385	0.278364	-0.021434	0.202170	0.017306	0.121297	0.055084	0.027365	-0.008455	-0.038396	-0.016739	-0.148541	0.042955	-0.166889	0.064193	-0.075830	0.047507	0.059319	0.049714	0.111711	0.047275	0.104563	0.014397	0.057448	-0.026311	0.034515	-0.067579	0.041253	-0.062213	0.047311	-0.038295	0.033274	-0.035488	0.002261	-0.038867	-0.035454	-0.030132	-0.069888	
0.000000	0.014661	-0.086857	0.056885	-0.104408	0.049222	-0.087718	0.037745	-0.049786	0.028656	-0.009841	0.032576	0.038565	0.046965	0.073215	0.069065	0.114235	0.094199	0.136695	0.089963	0.118996	0.062567	0.045069	0.043456	-0.079828	0.028618	-0.213139	-0.005128	-0.292118	-0.062400	-0.238633	-0.123901	-0.081628	-0.125269	0.082712	-0.019151	0.143401	0.141114	0.090814	0.132400	0.050606	-0.025282	0.027720	-0.079610	-0.023639	0.006533	-0.136298	0.032279	-0.182659	-0.064375	-0.096722	-0.050327	-0.004204	0.088113	0.042979	0.093081	0.042909	-0.056995	0.090666	-0.191788	0.129768	-0.168499	0.088558	-0.045444	-0.051761	0.080738	-0.220573	0.116755	-0.273284	0.082772	-0.244523	0.039666	-0.118648	-0.002269	-0.006277	-0.030855	0.061771	-0.064526	0.100969	-0.083116	0.126519	-0.103591	0.129840	-0.115101	0.086124	-0.104640	0.017729	-0.074009	-0.034298	-0.055548	-0.076947	-0.044742	-0.094888	-0.031270	-0.077875	-0.019402	
0.000000	-0.039981	0.022694	-0.038619	0.038383	-0.020530	0.031780	0.002775	0.014287	0.027912	-0.012123	0.056365	-0.056509	0.102778	-0.035207	0.139799	0.049528	0.117347	0.086819	0.049092	0.037871	-0.031052	-0.062188	-0.090318	-0.134018	-0.135511	-0.078481	-0.169037	0.050674	-0.080518	0.112797	0.196943	0.007215	0.340841	-0.098192	0.263138	-0.160255	0.017789	-0.036761	-0.184001	0.176523	-0.108699	0.229444	0.109490	0.155626	0.178228	0.100513	-0.017623	0.063215	-0.232935	0.055125	-0.093401	0.021273	0.084466	-0.073736	0.100326	-0.140884	-0.069207	-0.055673	-0.224531	0.031036	-0.149761	0.027518	0.009755	0.033266	0.110544	-0.083500	0.203967	-0.119036	0.111543	0.058769	-0.019578	0.177865	-0.036752	0.102263	-0.029890	0.001475	-0.040132	-0.046374	-0.025908	-0.042321	-0.009313	-0.024980	0.003542	-0.046496	0.000241	-0.047255	0.004089	0.002231	-0.001038	0.032264	-0.019755	0.041719	-0.041362	0.024891	-0.055186	
0.000000	0.043846	0.047012	0.054397	0.075249	0.043453	0.072424	0.035521	0.032206	0.022970	-0.033848	0.029597	-0.060622	0.060945	-0.049722	0.084952	-0.047123	0.088832	-0.046710	0.067535	0.007261	0.030582	0.074596	-0.022692	0.114084	-0.066774	0.070844	-0.071002	-0.019507	-0.106374	-0.031699	-0.162960	0.048108	-0.047182	0.032711	0.132803	-0.080384	0.182331	-0.173491	0.040654	-0.157752	-0.104547	-0.013539	-0.072473	0.082233	0.053603	0.126263	0.139714	0.154813	0.053040	0.164749	-0.157381	0.184073	-0.147955	0.144706	0.004878	-0.006639	0.102645	-0.150579	-0.018136	-0.160948	-0.213560	-0.071847	-0.288330	-0.024258	-0.203084	0.091292	-0.036378	0.111667	0.148746	-0.064368	0.241726	-0.146191	0.173471	-0.072878	0.066409	0.038313	-0.031045	0.065110	-0.124818	0.003169	-0.168979	-0.063776	-0.172643	-0.055260	-0.126659	0.003675	-0.073323	0.042608	-0.051589	0.069941	-0.036610	0.075082	-0.017199	0.044033	0.000972	
0.000000	0.228730	-0.044304	0.157895	-0.059258	0.067439	-0.042496	-0.021846	0.007622	-0.112187	0.074566	-0.201008	0.056074	-0.251935	-0.062546	-0.153185	-0.031324	0.038853	0.105883	0.156175	0.159799	0.150089	0.074920	0.074448	-0.069732	-0.017303	-0.143452	-0.131226	-0.028222	-0.176656	0.087947	-0.061031	0.094876	0.069243	0.085370	0.100978	0.030104	0.040243	-0.044188	-0.075012	-0.099453	-0.091287	-0.101733	0.041576	-0.090290	0.105681	-0.000097	-0.014485	0.108411	-0.134669	0.140232	0.064118	0.037454	0.088544	-0.053552	-0.090410	-0.047591	-0.139492	-0.056266	-0.025789	-0.094073	0.130085	-0.013792	0.090170	0.118286	0.045763	0.107175	0.028963	0.090644	-0.057210	0.059616	-0.102290	-0.058736	-0.086436	-0.185734	-0.021784	-0.221690	0.079963	-0.106707	0.126342	0.081779	0.039764	0.148996	-0.117657	0.045085	-0.201627	-0.010485	-0.174356	-0.021084	-0.098995	-0.041694	-0.018897	-0.052609	0.074529	-0.040065	0.163771	
0.000000	-0.081728	-0.119365	-0.025214	-0.158924	0.000630	-0.126841	0.020704	-0.046082	0.052096	0.027328	0.088735	0.084934	0.132989	0.167830	0.114177	0.148695	0.040292	-0.006320	-0.020387	-0.151916	0.007233	-0.226095	0.071711	-0.208997	0.082798	-0.113212	0.022213	0.091848	-0.027961	0.216337	-0.031699	0.200814	-0.036545	0.047364	-0.076542	-0.084895	-0.111692	-0.103183	-0.020397	-0.132281	0.088536	-0.125775	0.115410	-0.015749	-0.010274	0.139481	-0.094476	0.145470	0.078684	0.037138	0.069050	-0.071932	-0.094114	-0.106074	-0.043185	-0.147362	0.057556	-0.096903	0.021381	0.002447	-0.036343	0.070507	-0.031786	0.140102	0.006480	0.158632	0.117010	0.025842	0.172893	-0.114830	0.097627	-0.152501	-0.022463	-0.093842	-0.122785	-0.035858	-0.153478	-0.000049	-0.117834	0.034288	-0.012445	0.150779	0.074716	0.228971	0.079281	0.137178	0.024031	-0.005930	-0.012092	-0.110073	-0.038641	-0.147622	-0.065900	-0.112004	-0.087743	
0.000000	-0.060279	-0.011552	-0.015773	-0.009245	0.011993	-0.006122	0.038013	-0.026995	0.064991	-0.046746	0.092885	0.001336	0.057502	-0.036450	-0.034646	-0.145775	-0.084320	-0.101160	-0.091528	0.081515	-0.067778	0.198819	-0.009690	0.029821	0.066861	-0.213657	0.035435	-0.073562	-0.107960	0.215718	-0.094404	0.135722	0.048327	-0.169141	0.000785	-0.185699	-0.028732	-0.097318	0.017697	-0.015993	-0.022471	0.098937	-0.007742	0.141528	0.034424	0.078164	0.015241	-0.060673	-0.111021	-0.133392	0.007305	-0.132321	0.055505	-0.059268	0.041317	0.017773	0.031469	0.127301	-0.013317	0.196323	-0.010676	0.132859	0.047337	-0.173603	0.068102	-0.187915	-0.195165	0.191964	-0.210760	0.222945	0.071237	-0.149855	0.167885	-0.299937	0.010986	-0.129903	-0.055214	0.118023	-0.071022	0.181114	-0.080137	0.059597	-0.058212	0.018169	0.017717	0.061588	0.053895	0.035265	0.033934	0.007605	0.010612	0.001715	-0.014865	-0.000217	-0.037284	
0.000000	-0.079257	0.008683	-0.058536	0.016456	-0.025126	0.017053	0.010155	0.013606	0.042869	0.020227	0.059432	0.074103	0.032376	0.067713	-0.035497	-0.027689	-0.060341	-0.133459	-0.018615	-0.081608	0.021820	0.089844	0.008891	0.180946	0.008612	0.059085	0.083112	-0.239428	-0.021662	-0.149986	-0.157691	0.166178	0.011547	0.167182	0.184774	-0.058745	0.039361	-0.118471	-0.229091	0.027958	-0.129787	0.065387	0.158315	-0.034430	0.177385	-0.023892	-0.119730	0.060876	-0.171163	0.036089	0.126552	-0.098527	0.141123	-0.169061	-0.087622	-0.033612	-0.132196	0.057960	0.060137	0.039903	0.193332	0.072116	0.059848	0.105147	-0.068160	0.177689	-0.083304	-0.019442	0.048950	-0.258823	-0.029850	-0.174429	-0.101429	0.044476	0.001381	0.233796	0.042332	0.215862	0.011862	0.038011	-0.027738	-0.129353	-0.006722	-0.150702	0.066894	-0.073070	0.085421	-0.027611	0.062400	0.007036	0.034480	0.015009	-0.009122	0.010859	-0.055177	
0.000000	-0.001182	-0.056156	0.016376	-0.067670	0.020259	-0.042378	0.027981	0.024275	0.028639	0.091596	0.021520	0.114847	0.007875	0.088616	-0.022378	0.003870	-0.034722	-0.103328	-0.010530	-0.148076	0.045638	-0.122038	0.048158	0.075556	-0.018272	0.247887	0.005015	0.175013	0.043993	-0.078155	-0.107171	-0.118538	-0.210225	0.030635	-0.019471	0.061044	0.249842	-0.142704	0.192657	-0.154719	-0.112888	0.045154	-0.124269	0.189370	0.152144	0.131079	0.204180	0.000688	-0.215733	0.000149	-0.107828	-0.022981	0.167883	-0.101843	0.159872	-0.054803	-0.117091	0.081638	-0.233733	0.099974	-0.030756	-0.136569	0.265411	-0.089623	0.130368	0.123958	-0.039584	0.164467	-0.019046	0.061944	-0.001729	0.041271	-0.038498	0.029839	-0.041623	-0.018939	-0.006754	-0.079282	0.025457	-0.083190	0.059490	-0.006149	0.069309	0.078320	0.039072	0.057985	-0.021554	-0.004106	-0.034133	-0.045458	-0.038137	-0.071138	-0.040715	-0.062585	-0.040738	
0.000000	0.101128	0.040721	0.078568	0.063479	0.026264	0.037732	-0.019954	-0.029395	-0.064128	-0.134541	-0.064318	-0.241635	0.011760	-0.127033	0.081862	0.114201	0.014768	0.204961	-0.108775	0.104777	-0.100113	-0.054769	0.039606	-0.153505	0.117263	-0.049012	0.066035	0.134564	0.044343	0.011246	-0.128483	0.021592	-0.129237	0.034611	0.039034	-0.069952	0.085834	-0.126255	0.063545	-0.100283	-0.021960	0.054384	0.005384	0.153549	0.079236	0.161302	0.044159	0.032853	-0.196655	-0.139268	0.075112	-0.211634	0.102931	-0.099174	-0.058483	0.114723	-0.026474	0.147569	0.240028	0.030277	0.191223	0.071265	-0.094878	0.101197	-0.229666	-0.038109	-0.133923	-0.227356	-0.011949	-0.086370	0.060577	0.135749	0.105289	0.156820	0.060621	0.006102	-0.059893	-0.138328	-0.065172	-0.118563	0.015598	0.027418	0.031159	0.103320	-0.038435	0.040638	-0.093821	0.023942	-0.082849	0.048521	-0.040987	0.067957	0.013255	0.043701	0.068654	
0.000000	0.037516	-0.078681	0.129753	-0.044009	0.119714	-0.000088	0.108351	0.045179	0.099558	0.060831	0.104426	0.080212	0.131104	0.106837	0.113109	0.049476	0.052547	-0.081479	0.011273	-0.162718	-0.002282	-0.171578	-0.033371	-0.048026	-0.113872	0.075425	-0.086032	0.052820	0.032463	-0.064290	0.115807	-0.145725	0.104117	-0.115546	0.037040	-0.032020	0.020684	0.005354	-0.108759	0.130249	-0.116329	0.150918	0.086509	-0.002216	0.078833	-0.157854	-0.163291	-0.206533	-0.071221	-0.120370	0.296503	0.028732	0.002334	0.186037	-0.156045	0.188195	0.011528	0.033386	0.101913	-0.117463	0.097682	-0.175800	0.009864	-0.114557	-0.097134	0.036465	-0.136620	0.085157	-0.068921	-0.036701	0.033313	-0.111980	0.074863	-0.094748	0.091518	-0.070955	0.063383	-0.081234	0.003960	-0.045346	-0.049904	0.022016	-0.083554	0.100458	-0.135448	0.084916	-0.167421	0.048666	-0.158106	-0.008148	-0.145537	-0.055682	-0.115210	-0.088888	-0.087583	
0.000000	0.018679	0.028944	0.079151	0.061982	0.076659	0.054552	0.072514	0.018553	0.067397	-0.024876	0.071513	-0.045737	0.093100	-0.008010	0.104201	0.037178	0.075636	0.028215	0.038407	-0.015528	-0.011607	-0.036843	-0.083740	-0.028359	-0.103751	-0.066071	-0.038253	-0.121571	0.036316	0.064268	0.176985	0.168081	0.221998	-0.029506	-0.131931	-0.017368	-0.273060	0.150528	0.072184	-0.065080	0.204578	-0.192095	-0.165199	0.004044	-0.192321	0.111380	0.261084	0.050240	-0.045251	-0.042894	-0.177701	-0.072531	0.153648	-0.081876	0.145686	0.022331	-0.144759	0.134980	-0.077757	0.011597	0.108741	-0.145564	0.156685	0.016868	-0.068000	0.212031	-0.149314	0.024056	-0.016686	-0.191481	-0.033479	-0.123195	0.000373	0.021995	0.081586	0.059352	0.094516	0.043480	0.015191	-0.011626	-0.072736	-0.058421	-0.117762	-0.065514	-0.120364	-0.043819	-0.104608	0.012265	-0.092013	0.048466	-0.082845	0.052928	-0.067236	0.017416	-0.055899	
0.000000	-0.143231	0.004708	-0.084316	0.010489	-0.009616	0.008641	0.060990	-0.022466	0.133243	-0.028163	0.181488	0.042696	0.130908	-0.012218	0.021934	-0.109946	-0.059601	-0.055634	-0.067992	0.059625	-0.037933	0.044278	0.012788	-0.119285	0.036863	-0.099705	-0.021433	0.173258	0.034224	0.118512	0.077732	-0.222778	-0.027633	-0.106895	-0.117268	0.195106	0.106538	0.166605	0.130329	-0.038658	-0.179245	-0.073650	-0.142575	-0.131371	0.136750	-0.152510	0.127616	0.086742	-0.135138	0.229142	0.009257	0.104710	0.168841	-0.049964	-0.107606	-0.039904	-0.205616	-0.117658	0.094052	-0.172981	0.170890	0.052733	-0.016975	0.273597	-0.076995	-0.005062	0.021366	-0.143510	-0.050455	0.056402	0.004072	0.028105	0.102519	-0.080008	0.053309	-0.045991	-0.022246	0.094047	-0.084400	0.133698	-0.109972	0.015110	-0.066345	-0.046796	0.037936	0.004082	0.111674	0.015563	0.089018	0.009844	0.033569	0.006816	-0.046348	0.003566	-0.121269	
0.000000	-0.017497	-0.026201	0.006865	-0.032723	0.016204	-0.008992	0.024227	0.059998	0.032264	0.134513	0.031946	0.169192	-0.003940	0.053343	-0.005787	-0.100125	0.079014	-0.136671	0.114216	-0.072177	0.007567	0.046804	-0.152752	0.155384	-0.105992	-0.011472	0.058710	-0.141153	0.065361	-0.023894	0.103364	0.102294	0.050687	0.095024	-0.068732	0.067526	-0.098588	0.036460	0.074199	-0.159553	0.019354	-0.134423	-0.105876	0.064553	0.073986	0.176147	0.198498	0.071752	-0.277997	-0.122480	0.173133	-0.145371	0.090623	0.059053	-0.149189	0.182244	0.044347	0.005236	0.201270	-0.042587	-0.071813	0.098844	-0.329705	-0.031896	-0.007777	-0.194002	0.261331	0.007526	0.117625	0.169769	-0.022784	0.096401	-0.126746	0.022124	-0.098973	-0.043150	0.007371	-0.057252	0.087544	-0.017246	0.069664	-0.031646	0.032852	-0.055581	0.008361	-0.016905	-0.010768	-0.007397	-0.024440	-0.033087	-0.035002	-0.052177	-0.042481	-0.040519	-0.055454	
0.000000	-0.024306	0.007376	-0.093895	-0.028653	-0.108012	-0.041967	-0.127916	-0.037897	-0.142570	-0.025358	-0.137445	-0.015764	-0.092044	0.069204	-0.046983	0.074986	-0.013579	0.020813	0.030941	-0.021979	0.084638	0.013729	0.095437	0.036796	0.050413	-0.033816	-0.055915	-0.043237	-0.175724	0.148018	-0.087739	0.042788	0.068237	-0.247203	-0.036334	-0.248951	-0.065120	0.005432	0.196224	0.071877	0.096606	0.155398	-0.164317	0.128463	-0.010893	-0.100994	0.136435	-0.253065	-0.145597	-0.079507	0.101679	0.111024	0.108721	0.173009	-0.048883	0.117569	-0.098969	-0.009755	-0.033375	-0.222484	0.093062	-0.227062	-0.015389	0.070574	-0.134831	0.088165	0.078440	0.037626	0.202775	-0.042087	0.062822	-0.077538	-0.073068	0.009452	-0.093597	0.097309	-0.077584	0.085178	-0.048399	0.013276	0.027288	-0.016117	0.107847	0.029961	0.128516	-0.005204	0.115178	-0.041837	0.103123	-0.050377	0.112581	-0.038580	0.120450	-0.007338	0.112077	
0.000000	0.027844	-0.105244	0.051354	-0.103655	0.035065	-0.039973	0.017919	0.036652	0.011026	0.057052	0.031388	0.052425	0.037499	0.005181	-0.017720	-0.102365	-0.061619	-0.163354	-0.033918	-0.085060	0.017578	0.055718	0.058719	0.091725	0.054660	0.148673	0.000609	0.010694	-0.073873	-0.214271	-0.199424	0.020415	0.076624	0.088894	0.304835	-0.161398	-0.142890	0.065957	-0.118007	0.161347	0.193725	0.025183	-0.048825	-0.079133	-0.197206	-0.088768	0.105319	0.000466	0.101659	0.084448	-0.232778	0.030818	0.139787	-0.088137	0.119237	0.008354	-0.181976	0.062493	0.006095	-0.105251	0.182882	0.070298	-0.139503	0.077597	-0.094195	-0.111796	0.016790	-0.120697	0.034939	0.169678	0.021324	0.140730	0.093967	-0.058286	0.025038	-0.131136	-0.071641	-0.109636	-0.087273	-0.068054	-0.020922	0.026475	0.043647	0.159747	0.051709	0.194059	-0.017344	0.081995	-0.057626	-0.028986	-0.058428	-0.098946	-0.040574	-0.101684	-0.021783	
0.000000	-0.139090	0.006966	-0.097741	-0.002237	-0.024629	-0.011937	0.034325	0.018951	0.083241	0.139151	0.071434	0.197238	-0.059290	-0.106277	-0.087522	-0.181436	0.041492	0.043799	0.075837	0.139436	-0.007464	0.001452	-0.062453	-0.189129	-0.036512	-0.033483	-0.008587	0.168097	0.084012	-0.101925	0.025167	-0.113343	-0.097833	0.174879	0.104350	-0.004855	-0.053654	-0.132010	-0.160037	-0.039342	0.104746	-0.030744	0.109010	0.090116	-0.059459	0.132545	-0.064216	-0.064310	0.053052	-0.189087	-0.029995	-0.087017	0.013500	0.086725	0.110578	0.159545	0.010337	0.143180	-0.056506	-0.069441	-0.019951	-0.282484	0.051526	0.047889	-0.173554	0.130265	-0.047213	-0.128369	0.123290	0.005892	0.104395	0.084869	0.023552	-0.083895	-0.086040	-0.143669	-0.061745	-0.005010	0.015630	0.232113	-0.018399	0.165041	-0.108746	-0.167833	-0.034402	-0.150728	0.127503	-0.065832	0.155065	-0.035096	0.110925	-0.020544	0.038032	-0.005453	-0.050217	
0.000000	0.053692	-0.003803	0.144246	0.037994	0.128618	0.061264	0.113677	0.074875	0.087853	0.095424	0.063152	0.066631	0.008547	-0.031158	-0.003608	-0.078409	0.010080	-0.072276	-0.039081	-0.007039	-0.126626	0.135642	-0.114251	0.110995	0.113504	-0.172080	0.232487	-0.076510	-0.054605	0.303599	0.001150	0.052984	-0.190491	-0.136708	-0.138174	-0.032743	0.158283	-0.121706	0.052823	0.019653	-0.041649	0.139739	0.128670	0.062221	-0.041469	-0.034159	-0.158430	-0.107289	0.221219	-0.020071	-0.192320	0.062773	0.033855	0.013503	0.115110	0.009928	-0.127595	0.001918	-0.036174	-0.073665	0.082899	-0.042618	0.000899	0.146888	-0.119261	-0.004325	0.119005	-0.076587	0.136918	0.034227	-0.022189	0.062129	-0.177305	0.042709	-0.125075	0.027875	0.034399	-0.018044	0.162016	-0.031846	0.151518	-0.056152	0.050400	-0.085217	-0.068069	-0.043527	-0.142483	0.010046	-0.166495	0.028206	-0.158814	0.016130	-0.124571	-0.031121	-0.092621	
0.000000	0.060132	-0.025251	-0.059641	-0.065221	-0.089969	-0.043496	-0.114724	0.033873	-0.137774	0.105738	-0.142573	0.110398	-0.067075	0.048461	0.062902	0.014739	0.177932	-0.008672	0.175891	-0.062036	0.054101	-0.081292	-0.116718	0.019729	-0.158157	-0.001790	-0.026277	-0.018774	-0.021405	0.082827	0.101058	-0.117458	0.051153	-0.221377	-0.078607	0.083676	0.143170	0.095900	0.030139	0.090428	-0.198973	0.003268	0.109324	-0.151118	-0.007544	-0.029055	-0.078850	0.206002	0.151234	0.070462	-0.205067	-0.177087	0.119035	-0.231510	0.043494	0.052827	-0.028356	0.225199	0.122843	0.129004	0.113675	-0.050318	-0.094051	-0.145278	-0.190379	-0.128150	-0.118525	0.087069	0.086190	-0.004890	0.237486	-0.074145	0.052631	0.019429	-0.106259	0.049196	-0.100176	-0.017335	-0.047476	-0.029299	-0.013051	-0.025205	0.004309	-0.015470	0.023486	-0.009370	0.037614	-0.017016	0.052856	-0.053626	0.069297	-0.069812	0.086869	-0.037166	0.104733	
0.000000	0.015060	0.095030	0.032996	0.087477	0.037665	0.030559	0.045080	0.003557	0.032282	0.038134	0.009866	0.081582	-0.008917	0.023749	0.022451	0.065273	0.076925	0.129666	0.044054	0.021806	-0.056208	-0.167965	-0.076765	-0.196601	-0.007511	0.030413	0.098671	0.206164	0.119832	0.005816	-0.130910	-0.049306	-0.165817	0.045139	0.133406	-0.214665	-0.059983	-0.022673	0.044944	0.159705	0.116703	0.098131	-0.077130	-0.058256	-0.156496	-0.175090	0.173906	-0.043082	-0.077871	0.154634	0.010391	0.083052	0.091276	-0.086897	-0.084693	-0.069916	-0.115779	-0.070973	0.171393	0.044422	0.005088	0.205311	-0.142745	-0.216330	0.169880	-0.013772	-0.069383	0.177500	0.033150	-0.045322	0.109775	-0.122059	-0.103663	-0.017944	-0.157012	0.014670	-0.039336	0.032911	0.120981	0.143241	0.127713	0.047493	0.009082	-0.187348	-0.062360	-0.210894	-0.058345	-0.103905	-0.049609	0.002547	-0.055043	0.064699	-0.050797	0.077723	-0.043974	
0.000000	0.035612	0.075586	0.016073	0.063172	-0.015246	-0.008127	-0.039109	-0.116666	-0.052519	-0.215253	-0.016527	-0.097767	0.058586	0.171808	0.004718	0.130246	-0.081005	-0.002240	-0.021382	-0.018101	0.083599	-0.034047	0.127449	-0.032600	-0.020388	-0.083324	-0.156024	0.089482	0.019337	0.064867	0.158860	-0.274668	-0.133685	0.199147	0.070827	0.089625	0.042344	-0.094410	-0.182328	-0.037573	0.066850	-0.051770	0.117153	0.061510	-0.084340	0.121367	-0.024915	-0.014773	0.058588	-0.137581	-0.172709	-0.102556	0.164943	0.027589	0.071339	0.140847	-0.103659	0.056234	-0.041989	-0.205458	0.105878	0.009987	-0.150281	0.056059	0.053618	-0.168407	0.216896	0.230026	-0.070947	0.086721	-0.070115	-0.250958	-0.062742	-0.091544	-0.010979	0.089363	0.073960	0.174677	0.031522	0.018090	-0.023289	-0.138829	0.025318	0.004571	0.058491	0.065724	-0.013059	0.007121	-0.043080	0.020277	-0.028223	0.067513	-0.002696	0.081113	0.029585	
0.000000	0.013837	-0.028497	0.054647	-0.003041	0.053288	0.016052	0.046104	-0.006343	0.035785	-0.045322	0.042961	-0.035526	0.010460	-0.028487	-0.088335	-0.061010	-0.124705	-0.039220	-0.060862	0.048868	0.049679	0.122117	0.116998	0.048180	0.106698	-0.130643	-0.044434	-0.008889	-0.178625	0.191566	0.037564	-0.257105	-0.093757	-0.020785	0.159148	0.064882	0.127660	0.067376	-0.212676	0.184967	0.120523	-0.080852	-0.003103	-0.181642	-0.199210	-0.020810	0.242105	0.155395	-0.182240	0.036972	0.113873	-0.083528	-0.009021	-0.024390	-0.156273	0.009545	0.156760	0.036483	0.087738	0.229060	-0.268274	-0.221477	0.128479	-0.058943	-0.117936	0.078829	-0.043825	-0.018084	0.178436	-0.031727	0.049405	0.013950	-0.107004	0.030918	-0.065713	0.032912	-0.006648	0.005138	0.015097	-0.060110	0.050398	-0.058530	0.079584	0.049442	0.071391	0.077897	-0.019049	0.046266	-0.073165	0.024240	-0.074359	0.010716	-0.059262	-0.015587	-0.050575	
0.000000	0.055378	-0.013791	0.001981	-0.006383	-0.040886	0.023510	-0.075128	0.065770	-0.100582	0.060781	-0.087736	0.036430	0.007590	0.041433	0.128549	0.035056	0.172732	-0.038813	0.073850	-0.043697	-0.063679	0.002952	-0.171185	0.013156	-0.090188	-0.029069	0.104878	-0.020301	0.118977	0.069303	0.028431	-0.066823	-0.140039	0.064863	0.052021	0.038317	0.034096	-0.057157	-0.114481	0.027652	0.097574	-0.037803	0.020465	0.009126	-0.165904	0.007449	0.199388	-0.036827	-0.183756	0.007101	0.260440	0.128262	-0.287322	0.007480	0.086751	-0.220895	0.120294	0.026938	-0.273316	-0.019280	0.242997	0.069306	0.161104	0.272553	-0.161824	-0.273479	-0.086295	-0.021401	-0.067906	0.116823	0.093458	-0.068117	0.065109	-0.055416	-0.009629	0.078027	-0.010387	0.067328	-0.031499	-0.025316	-0.005122	-0.080883	0.010009	-0.064140	0.000903	-0.022244	-0.028474	-0.003026	-0.024556	-0.022018	-0.004845	-0.053009	0.030812	-0.073953	0.068769	
0.000000	0.019223	0.106963	0.051826	0.099954	0.037321	0.010634	0.017978	-0.092538	0.006671	-0.130006	0.041851	-0.023703	0.067255	0.097894	0.032200	0.127402	-0.029961	0.017091	-0.077768	-0.092855	-0.054424	-0.103657	0.049949	0.012507	0.114151	0.118961	0.068890	0.072646	-0.031175	-0.168934	-0.210045	0.065087	0.079075	-0.069216	0.069143	-0.095583	-0.096732	0.199611	0.169605	0.040285	-0.127650	-0.047438	-0.083828	-0.134772	0.139672	-0.024931	-0.087226	0.155553	0.031779	0.031377	0.011929	-0.147455	-0.037292	-0.059387	-0.061528	-0.004551	0.269606	0.228264	-0.196492	0.013211	-0.007498	-0.213241	0.065341	0.154470	-0.182404	-0.143636	0.172845	0.001805	0.066560	0.180179	-0.048424	-0.026547	-0.097378	-0.166432	-0.085920	-0.075120	0.032146	0.084807	0.110822	0.145055	0.063045	0.055365	-0.015794	-0.084977	-0.058267	-0.116851	-0.059041	-0.068701	-0.070512	0.023171	-0.063794	0.121650	-0.031216	0.127628	-0.015842	
0.000000	-0.098215	-0.007611	-0.047141	0.007774	0.017153	0.014860	0.065535	0.035336	0.080435	0.039426	0.038859	-0.046904	-0.005094	-0.131987	-0.025031	0.026057	-0.028727	0.092563	-0.092508	-0.015357	-0.088706	-0.092991	0.065944	-0.021060	0.130343	0.167128	0.075211	-0.056047	-0.108916	-0.000785	-0.134548	0.110363	0.094992	-0.285588	-0.115518	0.138421	0.307108	0.000388	-0.178151	0.134028	-0.030384	-0.063373	0.147531	-0.132656	-0.223279	0.096993	0.189788	0.098507	-0.104373	-0.092734	0.075589	-0.085483	-0.088795	0.033956	0.101114	0.095677	0.027331	0.096093	-0.203077	-0.250716	0.175071	0.101272	-0.199071	-0.083835	0.146441	0.040843	0.097826	0.134060	-0.021200	-0.102170	-0.046780	0.012574	-0.054826	0.053284	0.034611	-0.033857	0.033207	-0.079344	0.018553	0.028990	-0.020700	0.150051	-0.080429	0.028146	-0.052444	-0.066567	0.047126	-0.033456	0.085196	0.005478	0.071894	-0.002403	0.016086	-0.018632	-0.051823	
0.000000	0.051767	0.040757	-0.015837	0.020241	-0.054668	-0.013666	-0.080741	-0.041403	-0.090281	-0.039662	-0.044335	0.010378	0.055483	0.092101	0.111622	0.102199	0.074407	-0.014694	-0.008934	-0.066422	-0.037146	-0.097530	-0.034949	0.004346	-0.020246	0.093057	0.056386	0.005414	0.080795	-0.151674	-0.136049	0.228943	0.088623	-0.140815	-0.157953	0.091161	0.203136	-0.110367	-0.173388	0.030437	0.015578	0.008042	0.178029	0.004823	-0.225404	0.007993	0.122245	-0.027964	-0.019519	-0.050948	-0.069635	0.023430	0.149346	0.069871	-0.031390	0.086318	-0.209914	-0.260436	0.284961	0.159892	-0.281710	-0.122242	0.213119	0.189680	-0.054478	-0.063452	0.065107	-0.098055	-0.059243	0.167199	-0.090906	-0.008388	0.074224	-0.154578	0.017531	-0.054354	0.000080	0.075284	-0.002347	0.081939	-0.019320	0.003866	-0.027348	-0.043383	0.003517	-0.040624	-0.013565	-0.036040	-0.013064	-0.011684	0.004790	0.023234	0.032431	0.043019	0.064981	
0.000000	0.122977	-0.057460	0.035512	-0.030905	-0.024469	0.028583	-0.061978	0.066781	-0.087198	0.046132	-0.064231	0.060838	0.017902	0.044020	0.049559	-0.085147	0.044145	-0.098092	0.016745	0.104110	-0.054155	0.186473	-0.061330	-0.142105	0.048030	-0.204005	0.046702	0.305139	0.096270	-0.121260	-0.258165	-0.016626	0.093932	-0.128268	0.138336	-0.020519	-0.085999	0.262496	0.108702	-0.019627	-0.236444	-0.138043	0.197440	-0.067901	-0.048991	0.145928	0.015610	0.076320	-0.014198	-0.180067	0.028344	-0.040812	-0.044939	0.137307	0.080865	0.107960	-0.037219	-0.072135	-0.063019	-0.144760	-0.077584	0.036522	0.025916	-0.036313	0.200082	0.135079	-0.076570	-0.062435	-0.025006	-0.037952	0.012249	-0.056326	0.012163	0.013408	-0.037565	0.136678	-0.035032	0.120067	0.001941	-0.059599	0.061617	-0.212415	0.126971	-0.074059	0.098526	0.055884	-0.024215	0.048419	-0.091170	-0.001958	-0.083288	-0.061778	-0.036449	-0.092935	0.024815	
0.000000	0.012300	0.004097	0.023560	-0.002650	0.024604	0.000373	0.024552	0.003180	0.007832	0.003112	-0.018039	-0.017923	-0.032869	0.009988	-0.006827	0.050785	0.005745	-0.009599	-0.025685	-0.047076	-0.031106	0.041347	0.029546	-0.041326	0.094038	-0.016349	-0.016215	0.121811	-0.106110	-0.090142	-0.065042	-0.048397	0.170131	-0.121464	-0.024015	0.210467	0.068375	0.002755	-0.203208	0.015633	0.254924	-0.121999	-0.340430	0.019497	0.313998	0.044392	-0.154622	0.017070	-0.001258	-0.050879	0.141702	0.038008	-0.299480	-0.045238	0.375235	0.016509	-0.313625	-0.024654	0.158235	0.080671	0.010471	0.032240	-0.031785	-0.092394	-0.071636	-0.031397	-0.038597	0.000820	0.122264	0.084790	0.060422	-0.091393	-0.059407	-0.055237	-0.091156	0.071805	-0.031797	0.052774	0.049909	-0.017725	0.057672	-0.013283	0.037951	-0.031184	-0.010735	-0.037072	-0.025650	-0.006128	-0.027086	0.018922	-0.018774	0.030143	-0.011898	0.045753	-0.013544	
0.000000	-0.019943	-0.161060	-0.054878	-0.133533	-0.048706	-0.035066	-0.049541	0.031126	-0.047715	0.010177	-0.016379	-0.038781	0.040252	-0.045460	0.086024	-0.088720	0.061615	0.024756	0.049559	0.124145	-0.070444	0.038535	-0.146219	-0.123818	-0.041333	-0.105876	0.085851	0.141885	0.231905	0.000657	-0.104271	0.122209	-0.159301	-0.047798	-0.025477	-0.141987	0.078504	-0.104100	-0.014490	0.154844	0.136555	0.093718	-0.177911	-0.062954	0.090489	-0.122739	-0.027685	0.092986	-0.003861	0.089917	0.022761	-0.069488	-0.062725	-0.137783	0.029194	0.083073	0.028792	0.110166	0.030068	0.027795	-0.069944	-0.178967	-0.064062	-0.015311	-0.008346	0.041854	0.253832	0.108245	-0.044084	-0.017332	-0.209329	-0.057682	-0.156535	0.026485	0.172836	-0.006189	0.274996	0.028913	0.024515	-0.044782	-0.201765	-0.146110	-0.173432	0.020034	-0.008813	0.193775	0.046011	0.166776	0.054604	0.048356	0.072350	-0.061304	0.064417	-0.101053	0.039275	
0.000000	-0.012853	0.078161	-0.068052	0.029195	-0.066580	0.000358	-0.070327	0.056723	-0.069762	0.095084	-0.065907	-0.018097	0.034416	0.036063	0.211006	0.163031	0.184629	-0.092483	-0.046094	-0.216077	-0.214568	0.004862	-0.134789	0.198429	0.161176	-0.043029	0.220502	-0.070765	-0.190436	0.212608	0.020167	-0.246012	-0.164139	0.086166	0.226332	-0.083230	-0.063646	0.121213	-0.024027	0.019950	0.018042	-0.061987	-0.077784	-0.028618	0.084381	0.000907	-0.026672	0.094233	0.002763	-0.058276	-0.022337	-0.082963	0.020192	0.040347	0.057023	0.114150	-0.067458	-0.043723	0.054656	-0.068662	-0.100353	-0.010609	0.031004	-0.038303	0.144746	0.177677	0.030883	-0.080139	-0.127162	0.000424	-0.140433	0.050752	0.085942	-0.085094	0.131404	-0.017706	0.017302	-0.023948	-0.036123	-0.020936	-0.074955	0.150023	-0.096573	0.072490	-0.118908	-0.141783	-0.012002	-0.136843	0.068729	-0.086430	0.085968	-0.029652	0.094809	0.024008	0.098304	
0.000000	0.140719	0.093678	0.006758	0.040848	-0.081941	-0.068681	-0.137999	-0.208124	-0.122011	-0.254661	0.028267	0.101267	0.154168	0.293392	0.038161	-0.030349	-0.017168	-0.122189	0.087211	-0.023434	0.088081	0.036689	-0.056814	0.014291	-0.111942	-0.034744	0.029017	-0.048974	0.084287	0.067521	-0.010839	0.033725	-0.045047	-0.073860	-0.061665	0.066379	0.129076	-0.055648	-0.083104	0.004592	0.077154	0.025587	-0.032466	0.030455	-0.013639	-0.034765	0.017183	-0.024071	-0.013354	0.041968	0.035626	-0.016496	-0.048288	-0.032532	0.005785	-0.016562	0.099485	0.076043	-0.097048	-0.079905	0.123299	0.105626	-0.115852	-0.198019	0.131138	0.301694	-0.191948	-0.310391	0.181403	0.096756	-0.032464	0.209717	-0.071903	-0.071368	-0.006541	-0.199305	0.047696	0.014293	0.050848	0.134086	-0.045924	-0.034038	-0.059004	-0.020325	0.033854	0.088068	0.004050	0.015321	-0.060300	-0.002582	-0.051095	0.083894	-0.002933	0.138278	0.075374	
0.000000	-0.005847	0.061255	0.001830	0.039067	0.006123	-0.022374	0.015321	-0.076015	0.032890	-0.081205	0.049045	-0.009672	0.018009	0.063239	-0.095570	-0.036782	-0.100666	-0.000061	0.029965	0.044382	0.116362	-0.042174	0.055155	0.017451	-0.099737	0.071869	-0.050105	-0.150272	0.037791	0.074180	0.093151	-0.002320	-0.112141	0.123839	0.013861	-0.203023	-0.097948	0.013401	0.261523	0.050739	-0.268695	0.125132	0.185279	-0.139201	-0.129031	-0.060095	0.088118	0.148010	-0.090731	-0.023198	0.180808	-0.074077	-0.364331	-0.045600	0.430665	0.125412	-0.291663	-0.044885	0.136574	0.026330	-0.055209	-0.063084	-0.004578	0.045543	-0.026988	-0.017960	0.033079	-0.003344	0.009187	0.003057	-0.012146	0.029672	-0.022068	0.017757	0.021612	-0.086490	0.029684	-0.037107	-0.000443	0.029678	-0.040984	0.031422	-0.026643	0.075901	0.019737	0.023399	0.021245	-0.031752	0.002245	-0.011842	-0.010515	0.047481	-0.020743	0.075949	-0.013391	
0.000000	-0.046626	-0.028860	-0.052782	-0.040501	-0.023872	-0.025543	-0.014915	-0.020973	-0.003032	-0.065508	0.031924	-0.074177	0.048813	-0.009889	0.024962	0.017601	-0.013083	0.042029	-0.021692	-0.002495	-0.033626	-0.066939	-0.037170	-0.009412	0.030409	0.046893	0.111900	0.013743	-0.046318	0.036326	-0.099462	-0.100068	-0.010323	-0.067753	0.185260	0.046109	-0.070341	0.262293	0.010762	-0.172032	-0.153368	-0.154276	0.185503	0.123392	-0.076283	0.180283	-0.006549	-0.237151	0.003681	-0.072978	-0.007527	0.242103	0.026359	0.011110	-0.012766	-0.196661	-0.089694	-0.087841	0.075369	0.247179	0.134316	0.042901	-0.013984	-0.171486	-0.215158	-0.066454	0.019314	0.109921	0.225566	0.002976	-0.052210	0.036699	-0.256984	0.006063	0.037014	-0.083775	0.236608	-0.043557	0.091572	0.047302	-0.147750	-0.011103	-0.190786	0.060974	-0.034455	0.099773	0.063740	0.051517	0.081369	0.000368	0.074704	-0.010646	0.046187	0.020162	0.003305	
0.000000	0.001728	-0.021599	-0.027014	-0.015314	-0.013355	-0.025124	0.001447	-0.083192	0.028319	-0.093369	0.059357	0.010334	0.015430	0.029915	-0.087939	-0.050119	-0.054000	0.083116	0.090474	0.024585	0.095252	-0.127084	-0.056505	0.022295	-0.153830	0.072325	0.087859	-0.136834	0.127836	0.139381	-0.076003	0.046833	-0.136802	-0.063125	0.102508	-0.149124	0.083151	0.068950	-0.043869	0.248001	0.056749	-0.170554	-0.209875	-0.171447	0.207878	0.168420	-0.099326	0.135771	0.063392	-0.225920	-0.089674	-0.074381	0.125718	0.263502	-0.034373	0.071457	-0.031592	-0.266637	-0.068704	-0.079180	-0.007972	0.140999	0.209143	0.137029	-0.007898	-0.168206	-0.167658	0.088930	-0.015761	-0.100410	0.170796	0.072994	-0.071984	0.100289	-0.049827	-0.063147	0.029152	-0.089811	0.041881	0.024824	-0.009972	0.007467	-0.049232	0.017768	0.010553	0.077239	0.021213	0.061413	0.016183	0.030512	0.004564	0.024378	-0.011504	0.020436	-0.008769	
0.000000	-0.052270	0.234598	0.002548	0.102304	0.055129	-0.094816	0.084398	-0.135409	0.089420	-0.028759	0.035160	0.106235	-0.080638	0.075324	-0.153008	-0.009318	-0.001376	-0.099124	0.141442	-0.041124	0.113272	0.088265	-0.082189	0.167243	-0.151513	-0.304461	-0.019985	0.149811	0.230027	-0.015852	-0.143527	0.092582	-0.055250	-0.152093	0.078034	-0.039084	0.088065	0.134438	-0.122493	0.031312	0.016829	-0.096599	0.008217	0.038042	-0.002496	0.058828	-0.007563	-0.113745	-0.004782	0.015172	0.010921	0.127494	-0.024597	-0.103659	-0.004596	-0.059157	0.003249	0.093593	0.026867	0.020661	0.002938	-0.084428	-0.023485	0.028567	-0.056902	-0.015458	0.143899	0.085376	-0.096299	-0.099569	-0.095314	-0.039612	0.113250	0.126542	0.127752	0.060647	-0.066768	-0.154735	-0.151669	-0.143779	0.003996	0.204795	0.084415	0.188698	-0.011095	-0.061355	-0.033285	-0.189873	0.006795	-0.102325	0.016652	0.083344	-0.014064	0.215076	-0.065280	
0.000000	-0.120358	-0.040142	-0.003966	0.000995	0.061600	0.046219	0.075476	0.074521	0.051030	0.074079	-0.040275	-0.116095	-0.100153	-0.101739	0.004254	0.141465	0.000707	0.019003	-0.049293	-0.086118	0.040537	-0.006388	0.094228	0.124008	-0.032336	-0.144603	-0.223568	0.100298	0.144026	-0.123723	0.185663	0.138020	-0.195155	0.031436	-0.075054	-0.179422	0.106199	-0.006628	0.072012	0.209240	-0.082019	-0.067345	-0.012305	-0.158155	0.006397	0.111010	0.017815	0.049502	-0.009846	-0.100936	-0.025789	0.005553	0.053268	0.105186	-0.016649	-0.066402	-0.008782	-0.091855	-0.075054	0.066502	0.132784	0.158201	0.009515	-0.224418	-0.146093	0.152816	-0.019216	-0.215156	0.207322	0.303484	-0.165160	-0.105906	0.021485	-0.189201	0.021378	0.106378	0.005320	0.099339	-0.018088	-0.107000	0.034450	0.035998	0.004159	0.008348	-0.089823	-0.059228	-0.018709	0.003693	0.058930	0.007795	0.070191	-0.026975	0.041543	-0.066308	-0.030398	
0.000000	0.131646	0.181561	0.037437	0.167813	-0.022331	0.149157	-0.051362	0.198372	-0.075556	0.193211	-0.067399	-0.071737	0.110265	0.046707	0.135806	-0.077404	-0.094943	-0.099810	-0.113317	0.157681	0.019294	0.074127	0.142989	-0.184072	-0.053123	0.147159	-0.118111	-0.125663	0.124074	0.045702	0.051180	0.068493	-0.133201	-0.072734	0.012757	-0.028318	0.054635	0.048038	-0.047340	0.033022	0.025315	-0.077907	-0.068655	-0.026478	0.084445	0.048553	-0.054166	0.000764	0.025794	-0.047339	-0.010792	0.034980	0.011858	0.032178	-0.000197	-0.061034	-0.020420	0.014731	0.007323	0.105027	0.061709	-0.052074	-0.081726	-0.035232	-0.041927	-0.043365	0.058778	0.140620	0.071744	-0.176310	-0.101663	0.204122	-0.033775	-0.126459	0.139919	-0.156297	-0.017147	0.131315	-0.147153	0.109191	-0.093597	-0.050676	0.162047	0.064091	0.154511	-0.190160	-0.045244	-0.233888	-0.087574	-0.171856	-0.092992	-0.133974	-0.048403	-0.151346	0.025624	
0.000000	-0.087124	0.043065	-0.031504	0.023130	-0.002227	0.019119	0.008649	0.061868	-0.000882	0.050749	-0.035477	-0.110663	0.057820	0.102632	0.111247	0.062391	-0.066734	-0.165049	-0.077322	-0.070959	0.045488	0.142332	0.019043	0.121461	0.001961	-0.280193	-0.045860	0.251377	0.022867	-0.144017	-0.022321	0.019066	0.116446	0.040317	-0.055917	0.119976	-0.088253	-0.144505	0.036302	-0.098410	0.037946	0.200125	0.021668	0.016743	-0.073676	-0.214111	0.036991	0.175470	-0.000547	0.021858	-0.027813	-0.161253	0.016006	0.093394	0.017669	0.097317	0.020994	-0.116384	-0.078757	-0.075378	-0.015294	0.179823	0.165906	0.003921	-0.094628	-0.181846	-0.166374	0.185822	0.210113	-0.162404	0.072363	0.153322	-0.227392	0.043974	0.021555	-0.111113	0.108493	-0.053307	0.034689	-0.014884	-0.055683	0.065893	-0.071052	0.135736	-0.094281	-0.110217	-0.027118	-0.086400	0.062857	-0.033656	0.076382	-0.017647	0.060334	0.010502	0.035782	
0.000000	-0.205005	-0.000198	0.033105	0.073968	0.130637	0.132627	0.123919	0.133826	0.050705	0.014638	-0.070290	-0.200018	-0.079891	-0.022931	-0.068853	0.079245	-0.076587	0.109269	0.023220	0.024521	0.163366	-0.145134	0.024476	0.004676	-0.257609	0.054741	0.091783	-0.135094	0.188088	0.166384	-0.171234	-0.008845	-0.063970	-0.197280	0.210454	0.142582	-0.071927	0.123546	-0.091262	-0.224226	0.047115	0.042033	0.022814	0.150931	-0.004208	-0.120881	-0.031666	-0.021971	0.022372	0.145766	-0.013844	-0.112999	-0.028679	-0.119899	0.023836	0.185542	0.048446	0.022262	0.003617	-0.139820	-0.129021	0.032296	0.041469	0.048919	0.109369	0.012495	-0.120700	-0.167214	0.096496	0.223082	-0.003900	-0.119110	-0.046428	-0.040052	-0.018031	0.023700	0.046574	0.058703	-0.018722	-0.001962	-0.027632	-0.061637	0.042170	0.081084	0.014950	-0.037247	-0.031728	-0.051517	0.013139	-0.017907	0.058093	-0.087736	0.049245	-0.171718	-0.051143	
0.000000	0.095617	-0.160228	-0.067515	-0.048767	-0.115826	0.068735	-0.108460	0.050013	-0.051332	-0.023192	0.048795	-0.017120	0.162730	-0.000120	0.122284	0.056581	-0.097784	-0.022340	-0.195405	-0.100633	0.034388	0.003256	0.198051	0.225166	-0.004486	-0.160155	-0.210986	0.032414	0.081715	-0.077534	0.149514	0.172297	-0.214278	-0.106841	0.087571	-0.094525	0.061673	0.169532	-0.060131	0.008350	-0.017068	-0.165350	0.016239	0.088323	0.011949	0.080925	-0.014125	-0.183101	-0.003057	0.147456	0.037878	0.063184	-0.068908	-0.181713	0.034481	0.079719	-0.021916	0.098953	0.075984	-0.083335	-0.103982	-0.069850	-0.034810	0.122398	0.126127	-0.066107	-0.061429	0.032122	-0.080930	-0.084322	0.155995	0.062214	-0.025704	0.099199	-0.101541	-0.092601	-0.054586	-0.065780	0.116649	0.093078	0.136188	0.078514	-0.101724	-0.169244	-0.151435	-0.078566	0.014833	0.115101	0.046367	0.108157	0.027557	-0.023169	0.020016	-0.155148	0.066778	
0.000000	-0.206258	-0.046158	0.026409	0.057891	0.083417	0.117608	0.074605	0.109733	-0.014543	-0.076322	-0.075093	-0.194767	0.008092	0.134117	0.000672	0.068448	-0.093708	-0.024663	0.013648	-0.028475	0.142704	-0.068739	-0.038096	0.155565	-0.135347	-0.146436	0.148214	0.093002	-0.042011	-0.013091	-0.091116	-0.057222	0.110261	0.052015	-0.043175	0.073013	-0.044603	-0.158490	0.066731	0.075378	0.001370	0.118421	-0.030956	-0.246839	0.009018	0.160928	0.003050	0.051802	-0.001196	-0.219798	-0.000099	0.209828	0.030272	0.052136	-0.032756	-0.263879	-0.061921	0.150017	0.088883	0.115749	0.045619	-0.207154	-0.206384	0.080296	0.171844	0.077836	0.036453	-0.085645	-0.208765	-0.026087	0.195123	0.095136	-0.031501	0.005060	-0.068836	-0.116934	0.010703	0.034772	0.044483	0.106433	-0.004254	-0.077893	0.001642	0.029674	-0.039115	-0.030324	-0.047305	-0.023776	0.011544	0.022125	0.063504	-0.043695	0.090080	-0.160718	0.029033	
0.000000	0.338942	0.090418	-0.042080	0.072774	-0.149412	0.103309	-0.130222	0.075628	-0.018406	0.006626	0.118448	0.059383	0.126870	-0.120020	-0.057871	-0.084051	-0.088567	0.201031	-0.023449	-0.015096	0.051379	-0.199664	0.012208	0.239619	0.020497	-0.146051	-0.006625	0.064883	-0.015823	-0.034938	-0.007976	0.029632	-0.029017	-0.071622	0.066710	0.075276	-0.050398	0.024147	-0.038905	-0.175361	0.068354	0.176398	-0.030784	0.005168	-0.005248	-0.171102	-0.009225	0.214952	-0.001991	-0.151691	-0.013556	-0.027255	0.012088	0.155614	0.009093	-0.084581	-0.025351	-0.078882	-0.064298	0.131653	0.108868	-0.051089	-0.062348	-0.034708	-0.016857	0.061595	0.066391	-0.070344	-0.042840	0.139299	-0.015593	-0.260500	-0.004272	0.180196	0.043121	0.017803	0.024654	-0.155832	-0.036193	0.083015	-0.068793	0.118082	-0.056193	-0.100750	0.135412	-0.005949	0.133368	-0.042798	-0.003601	-0.072470	-0.109981	-0.120645	-0.152525	-0.114717	-0.041437	
0.000000	-0.144671	-0.216496	0.063571	-0.099110	0.077377	-0.027550	0.038014	-0.054863	-0.004207	-0.095489	-0.049744	-0.010920	-0.096946	0.054295	-0.033289	0.072688	0.037206	0.002963	0.061866	-0.055980	0.017256	-0.032897	-0.009321	0.033321	-0.045611	-0.024625	-0.014885	-0.002588	0.043735	0.012062	0.032894	0.050222	-0.140734	-0.131901	0.131399	0.023168	0.027208	0.193174	-0.099535	-0.253774	0.070663	0.129970	0.003593	0.082350	-0.027817	-0.194015	0.019767	0.173231	-0.006929	-0.045044	0.008740	-0.137425	-0.011505	0.200590	0.056332	-0.076039	-0.050017	-0.103687	-0.050210	0.143980	0.141867	-0.010362	-0.035911	-0.115807	-0.130926	0.064785	0.204532	0.104700	-0.106533	-0.230487	-0.095526	0.242410	0.172468	-0.125147	0.016413	-0.072272	-0.191997	0.102108	-0.029314	0.094139	0.140128	-0.032906	0.100321	-0.185637	-0.009899	0.006534	-0.047946	0.151216	-0.024422	0.182949	0.017126	0.097728	0.037549	-0.008942	0.011614	
0.000000	0.224725	-0.208337	-0.093508	-0.149480	-0.133387	-0.114221	-0.054453	-0.047872	0.068951	0.096707	0.061315	0.019396	-0.005819	-0.060140	0.075516	0.102046	-0.004912	-0.115047	-0.094539	-0.011777	-0.000841	0.126991	0.140996	-0.102554	-0.104807	0.083992	-0.103016	-0.161759	0.266391	0.196091	-0.189716	-0.087725	0.018806	-0.082751	0.113627	0.198486	-0.152227	-0.137512	0.076283	-0.033919	0.010025	0.146031	-0.008401	-0.124068	-0.010986	0.030647	0.007410	0.100186	0.011672	-0.193368	-0.019905	0.127606	0.044175	0.048430	-0.028038	-0.171831	-0.029856	0.175082	0.095564	-0.078584	-0.069618	-0.016526	-0.012734	0.028558	0.036372	-0.032214	-0.039878	0.011957	0.112773	0.049546	-0.098128	-0.036675	-0.033225	-0.031616	0.076940	0.043230	-0.016698	0.017487	-0.060488	-0.123798	0.093787	0.154410	0.017355	-0.022654	-0.152900	-0.158542	0.000042	0.049739	0.087163	0.172001	0.028703	0.148654	-0.079223	0.116681	-0.040182	
0.000000	-0.252699	0.197148	0.010536	0.033589	0.078903	-0.098680	0.040200	-0.113714	-0.026026	0.043345	-0.018491	0.155427	0.001602	-0.011298	0.119308	-0.088806	0.074783	-0.076286	-0.095086	0.047047	-0.116826	0.142867	0.100297	-0.171652	0.089077	0.127894	-0.141392	-0.049373	-0.017032	-0.084441	0.190161	0.195421	-0.212588	-0.163836	0.129574	0.019789	-0.005069	0.124279	-0.061039	-0.183788	0.048517	0.173244	-0.014857	-0.065726	0.004026	-0.063941	0.002686	0.137044	-0.004223	-0.118001	-0.013762	0.010117	0.043915	0.129903	-0.021164	-0.135654	-0.029650	0.022196	0.019954	0.063196	0.022774	-0.110601	-0.093277	0.113685	0.157650	-0.015161	-0.093912	-0.070719	-0.060155	0.108633	0.181418	-0.135309	-0.128505	0.118701	-0.067044	0.050602	0.078460	-0.023062	0.066895	-0.122913	0.027864	-0.033780	-0.082080	0.068812	-0.093116	0.140074	-0.083091	-0.020601	-0.041947	-0.138837	0.040958	-0.033473	0.150425	0.143255	0.109509	
0.000000	0.068645	-0.060447	0.058447	-0.070753	0.038899	-0.043570	0.025297	-0.016563	0.010236	0.018367	-0.014742	-0.027441	-0.124305	-0.076526	-0.099546	0.067434	0.061674	0.089518	0.115824	-0.018706	0.014578	-0.147472	-0.160539	0.086026	0.081644	-0.038481	0.089660	0.105282	-0.220227	-0.173569	0.257801	0.146617	-0.182427	-0.078255	0.048842	-0.006624	0.030775	0.072584	-0.023384	-0.106694	0.009602	0.123062	-0.004893	-0.112094	0.013726	0.069100	-0.004444	0.008808	-0.007789	-0.096386	0.009035	0.121494	0.011527	-0.047488	-0.013433	-0.106196	-0.029789	0.246625	0.130639	-0.241514	-0.169488	0.039417	0.059641	0.103763	0.136958	-0.122195	-0.218290	0.075398	0.187629	-0.032155	-0.090094	0.079115	-0.082042	-0.115230	0.176123	-0.072077	0.060008	0.114683	-0.191615	0.061800	-0.119274	-0.034565	0.111621	-0.027346	0.186302	-0.000612	0.072876	0.025578	-0.022221	0.046305	-0.087119	0.070423	-0.075847	0.077267	-0.084626	
0.000000	0.046907	0.084545	0.001203	0.047824	-0.018978	0.039121	-0.015132	0.002164	0.002061	-0.064825	0.045870	-0.007222	-0.009690	0.019125	-0.085244	0.024316	0.042409	0.031420	0.089370	-0.049657	-0.045355	0.002270	-0.075567	0.002954	0.134261	0.006434	-0.100485	-0.004418	0.000174	-0.045694	0.092376	0.125277	-0.175631	-0.282804	0.295455	0.381729	-0.298389	-0.289282	0.142322	0.087959	-0.014118	0.114200	-0.027928	-0.233836	-0.000554	0.221878	0.020976	-0.167131	-0.013762	0.122576	0.005365	-0.023264	-0.003501	-0.088335	-0.006583	0.143889	0.023015	-0.100946	-0.044836	-0.010304	0.003153	0.084215	0.091037	-0.097576	-0.144175	0.066145	0.152174	-0.005108	-0.140255	-0.079385	0.064768	0.083138	0.036615	-0.071202	-0.043127	0.022680	-0.030926	0.034478	0.059094	-0.000274	-0.000701	-0.051826	-0.061023	0.021036	0.015849	0.073046	0.046402	-0.029745	-0.000138	-0.058292	-0.018560	-0.048823	-0.029839	-0.022580	-0.015585	
0.000000	0.217970	-0.150015	-0.057423	-0.149635	-0.084841	-0.128645	0.008792	0.048953	0.106169	0.166909	-0.021827	-0.196574	-0.014044	0.074671	0.013801	0.034520	-0.119298	-0.080900	0.029241	0.060573	0.143265	0.063420	-0.088894	-0.120129	-0.076929	0.032351	0.170349	0.061667	-0.176541	-0.105882	0.145464	0.108015	-0.112473	-0.060351	0.050262	-0.008461	0.008812	0.029679	-0.012391	0.023416	0.002200	-0.081079	0.018991	0.093399	-0.018060	-0.034173	0.009200	-0.048623	-0.003601	0.101326	-0.006223	-0.121619	0.011321	0.059036	-0.003819	0.082280	0.031899	-0.155341	-0.086239	0.149521	0.139400	-0.114851	-0.117573	0.032723	0.050409	0.064804	0.039685	-0.110844	-0.195742	0.085751	0.251982	-0.029741	-0.116184	-0.041949	-0.062655	0.026425	0.133530	0.056929	-0.046265	-0.078748	-0.111881	0.001671	0.098493	0.195830	-0.006357	-0.235192	-0.013177	-0.069306	0.098576	0.145164	0.027162	0.167720	-0.128316	0.191365	-0.117411	
0.000000	0.129471	0.014342	-0.079402	0.127682	-0.086182	0.176625	-0.032196	0.043801	0.052287	-0.195037	0.084883	-0.123207	0.001541	0.199055	-0.109981	0.046672	-0.073782	-0.147317	0.141092	0.008467	0.072770	0.209383	-0.131540	-0.271554	0.010772	0.144885	0.090993	0.009584	-0.117143	-0.065076	0.107568	0.067753	-0.062418	0.006146	-0.041878	-0.113100	0.093191	0.130661	-0.070259	-0.110001	0.035653	0.078174	-0.008583	-0.002793	-0.008454	-0.052408	0.007187	0.091241	-0.008301	-0.112990	-0.006849	0.097113	0.020847	-0.015214	-0.026175	-0.108379	-0.016473	0.174068	0.087045	-0.174824	-0.139293	0.166926	0.185173	-0.113181	-0.179406	0.039876	0.139380	-0.005279	-0.079500	0.025665	0.006212	-0.056586	0.080442	0.050723	-0.117877	0.056463	-0.035254	-0.068100	0.117072	-0.073283	0.064510	0.062945	-0.076840	0.099853	-0.166045	-0.046530	0.065093	-0.020552	0.105105	0.004268	0.068418	-0.093023	-0.040238	-0.264000	-0.061826	
0.000000	0.085018	0.064661	-0.048419	0.140427	-0.027552	0.133571	0.012672	-0.070611	0.072129	-0.185807	0.100174	-0.021101	-0.161180	0.031895	-0.152169	0.119229	0.113938	-0.046441	0.119008	-0.088351	-0.079472	0.092417	-0.039227	-0.065919	0.027975	0.022543	0.009377	0.029492	-0.019969	-0.031277	0.025891	0.046601	-0.048160	-0.066133	0.059904	0.084452	-0.074478	-0.148442	0.085215	0.194004	-0.073081	-0.235318	0.043149	0.234986	-0.003836	-0.151484	-0.009659	0.047477	0.001882	0.076103	-0.014022	-0.160575	0.009168	0.172825	0.013379	-0.117835	-0.039107	-0.011225	0.027334	0.160636	0.080828	-0.221411	-0.209355	0.172719	0.233270	-0.107403	-0.196024	0.063142	0.162221	-0.035958	-0.108673	0.065201	-0.012877	-0.092564	0.082325	0.057702	-0.043399	0.018799	-0.003628	-0.106908	0.087876	0.061990	-0.096610	0.013593	-0.069207	0.067365	0.095693	0.039854	0.060064	0.002531	0.028984	-0.089979	-0.046316	-0.226977	-0.075838	
0.000000	-0.183479	-0.216708	0.095155	0.038733	0.072443	0.087793	-0.027350	-0.013953	-0.117708	-0.149811	-0.052668	0.051316	0.088923	0.154941	0.032535	-0.055125	-0.063308	-0.110648	0.041966	0.023576	0.038614	0.124750	-0.099978	-0.142490	0.042821	0.069918	0.067568	0.011181	-0.114110	-0.032685	0.082026	0.016258	-0.046532	-0.021132	0.037260	0.050403	-0.038703	-0.046961	0.038746	0.008506	-0.012096	0.040556	-0.015688	-0.101784	0.022026	0.093349	-0.004915	-0.009698	0.012725	-0.050285	-0.018260	0.104933	0.015738	-0.170076	-0.017395	0.207930	0.057023	-0.209539	-0.094368	0.134220	0.089793	-0.058382	-0.047003	0.036779	0.038516	-0.049686	-0.075924	0.042104	0.147684	0.100228	-0.154928	-0.240003	-0.022868	0.218050	0.235155	-0.000774	-0.085840	-0.225178	-0.175399	0.106556	0.037333	0.214222	0.118540	-0.132193	0.023520	-0.162490	-0.040220	-0.002893	-0.068462	0.151511	0.000072	0.109687	0.086367	-0.138250	0.085141	
0.000000	0.123841	0.016270	-0.084964	0.051690	-0.068541	0.026565	-0.020361	-0.010351	0.064437	-0.020217	0.056072	0.000022	-0.001835	-0.014673	-0.045203	0.022723	-0.005335	0.015125	0.068153	-0.024293	-0.014693	0.016654	-0.066217	-0.011611	0.052932	-0.005437	-0.040420	0.011155	0.066238	0.035691	-0.068340	-0.068498	0.071704	0.096688	-0.106899	-0.140137	0.112572	0.195323	-0.108749	-0.277307	0.095464	0.365193	-0.054820	-0.373134	0.007002	0.300678	0.000747	-0.235868	0.005392	0.211582	-0.003803	-0.171277	-0.013250	0.048871	0.021991	0.083448	0.014716	-0.126782	-0.057489	0.140232	0.084718	-0.124564	-0.110080	0.106261	0.127042	-0.075462	-0.131569	0.044722	0.112769	-0.034602	-0.090032	0.063757	0.062938	-0.109679	-0.039452	0.098020	-0.024109	0.031408	0.061648	-0.093506	0.032131	-0.012014	-0.036617	0.071184	-0.103233	0.002402	0.011781	-0.018595	0.064390	-0.004329	0.036816	-0.021679	-0.036238	-0.079133	-0.041945	
0.000000	-0.051470	-0.020618	-0.042950	-0.084349	-0.011765	-0.065345	-0.019375	0.058097	-0.005251	0.106481	-0.031843	-0.090336	0.144031	0.177755	0.087406	-0.234225	-0.153063	0.021988	0.026097	0.165442	0.031833	-0.139939	-0.072057	0.054053	0.047472	-0.008513	0.054779	0.016177	-0.075171	-0.027307	0.033230	0.033724	-0.047240	-0.060081	0.073599	0.080885	-0.040016	-0.068244	0.026659	0.083564	-0.024126	-0.059353	0.002980	-0.010141	0.007168	0.062098	0.001140	-0.116117	-0.004709	0.196434	0.002609	-0.259085	-0.008837	0.295474	0.030860	-0.267076	-0.065843	0.157502	0.084323	-0.066072	-0.046635	0.018010	0.018935	0.012820	-0.011864	-0.027297	-0.038198	0.045799	0.156340	0.025536	-0.294807	-0.168953	0.273062	0.187672	-0.079529	-0.019722	-0.098976	-0.087328	0.097651	0.108251	0.048009	-0.146678	0.001205	0.104085	-0.094977	-0.073277	-0.128647	-0.009754	0.029392	0.020779	0.064223	0.021794	0.067886	0.090257	0.051094	
0.000000	0.035571	0.090787	-0.106879	-0.030747	-0.077526	-0.053527	-0.040609	0.000909	0.027372	0.060689	0.113528	0.020158	0.157822	-0.061727	0.014424	-0.084834	-0.156558	0.062437	-0.032442	0.153311	0.129238	-0.152825	-0.027471	0.021245	-0.095404	-0.022510	0.170340	0.052048	-0.138762	-0.048102	0.068396	0.039658	-0.041426	-0.035275	0.039348	0.039432	-0.039765	-0.030397	0.014740	-0.001503	0.014548	-0.007523	-0.012614	0.048154	-0.001630	-0.102806	-0.001107	0.160695	-0.002697	-0.245371	0.011184	0.287167	0.002550	-0.279043	-0.041790	0.211130	0.075281	-0.117546	-0.080415	0.060923	0.063976	-0.052909	-0.067026	0.049957	0.062469	-0.055706	-0.067844	0.065091	0.137946	-0.082472	-0.201844	0.110845	0.201922	-0.197133	-0.108135	0.154749	-0.111598	0.091116	0.119386	-0.124065	0.143699	-0.107377	-0.039138	0.087363	-0.208540	0.056465	-0.113921	0.033765	0.019043	-0.069641	0.066811	-0.061464	0.081895	0.089379	0.035047	
0.000000	0.122708	-0.045932	-0.044094	-0.020268	0.035309	-0.025302	0.124217	0.020952	0.100630	0.040300	-0.139547	-0.200030	-0.214299	0.281381	0.000827	-0.122030	0.179192	0.014366	0.081612	-0.039081	-0.228401	-0.034190	-0.004980	0.081184	0.258799	0.007114	-0.277421	-0.063091	0.138437	0.033925	-0.034490	0.001290	-0.002107	0.008114	0.002954	-0.028653	0.022088	0.030176	-0.023208	-0.018552	0.010794	0.005081	-0.001268	0.033986	-0.003767	-0.069747	-0.002241	0.111325	0.000118	-0.164970	0.002440	0.186749	0.008957	-0.169059	-0.030481	0.121814	0.048468	-0.077711	-0.053423	0.054217	0.038617	-0.046092	-0.026914	0.051446	0.043927	-0.010542	-0.074239	-0.019574	0.045621	0.006484	-0.039797	-0.056433	0.103895	0.169255	-0.074430	-0.159811	-0.058145	-0.042736	0.102145	0.223621	-0.028402	-0.252235	-0.039587	0.163609	0.011171	-0.024415	0.025968	-0.062053	0.119615	0.038432	0.086398	0.048256	-0.107458	0.031059	-0.212169	
0.000000	0.138970	0.117975	-0.077635	0.051488	-0.024179	-0.002981	0.047261	-0.121731	0.093767	-0.056396	-0.025896	0.074496	-0.252931	0.053226	0.123608	-0.031087	0.244382	-0.115159	-0.273932	0.174562	-0.025071	-0.095707	0.248693	0.030106	-0.294120	-0.038145	0.264685	0.058206	-0.171278	-0.050834	0.052073	0.008166	0.005099	0.005038	0.005200	0.007521	-0.014505	-0.004265	0.001949	0.003573	0.016657	0.042137	-0.023097	-0.082410	0.004919	0.073824	0.003529	-0.066669	-0.004284	0.057528	0.002319	-0.041646	-0.010320	-0.002653	0.010434	0.043462	0.014073	-0.038706	-0.024920	0.002293	-0.000877	0.043650	0.044714	-0.047933	-0.075586	0.020984	0.054001	-0.001090	-0.006888	0.028497	-0.003566	-0.101756	-0.100773	0.173136	0.219499	-0.200244	-0.134832	0.115267	-0.120118	0.059488	0.200882	-0.133844	0.048241	-0.019207	-0.181995	0.118026	0.014363	0.057649	0.091474	-0.020580	0.088425	-0.063773	-0.055933	-0.058745	-0.140431	
0.000000	0.023445	0.174482	0.067656	-0.103321	0.058471	-0.114388	0.068044	0.102208	0.002138	0.122183	-0.122052	-0.184553	-0.080545	-0.104026	0.098509	0.278934	-0.060617	-0.054087	-0.102957	-0.240244	0.214245	0.298660	-0.028474	-0.165628	-0.156884	0.014831	0.118928	0.015003	-0.025276	-0.001637	0.020365	0.006630	-0.039332	-0.012488	0.013545	0.001417	0.008991	-0.006984	0.011387	0.015967	-0.003662	0.020966	-0.014300	-0.050773	0.011581	0.033512	0.001411	-0.010510	-0.004667	-0.006975	0.009826	0.008741	0.000247	-0.011077	-0.009522	0.037336	0.021691	-0.032751	-0.025279	0.029948	0.022380	-0.048923	-0.029777	0.034216	0.032889	-0.022352	-0.031303	0.037043	0.070999	-0.034913	-0.168950	-0.053759	0.237189	0.165212	-0.155389	-0.111819	-0.018029	-0.094890	0.118929	0.158268	-0.035896	0.029217	-0.148712	-0.220315	0.140030	0.169167	0.181291	0.110474	0.003964	-0.123931	-0.099074	-0.099336	-0.100496	0.177284	-0.070601	
0.000000	-0.034753	-0.208486	0.140014	0.129886	0.024237	0.062112	-0.032762	-0.113595	-0.040406	-0.083370	-0.087928	0.167054	-0.088539	0.003481	0.063654	-0.079975	0.169656	-0.029289	-0.135074	0.060798	-0.142523	-0.005761	0.303365	0.025167	-0.249805	-0.054488	0.133161	0.043923	-0.069085	-0.039741	0.051891	0.039431	-0.035839	-0.028134	0.032450	0.016829	-0.028307	-0.012777	0.008812	-0.003726	0.014501	0.027477	-0.023123	-0.033413	0.014499	0.009983	0.003835	0.007409	0.002347	-0.008861	0.001927	0.020936	0.001459	-0.000002	-0.008344	-0.008014	0.000104	-0.001591	0.005393	-0.008421	0.002470	0.009622	-0.007078	0.005890	0.008992	-0.020845	-0.015718	0.033023	0.045676	-0.051386	-0.119786	0.054202	0.241792	-0.052420	-0.327282	0.135590	0.181873	-0.105121	0.174676	-0.077885	-0.249339	0.058952	-0.103452	0.141903	0.227015	-0.086189	0.109745	-0.191276	-0.007441	0.101451	-0.036253	0.194424	-0.073315	-0.135607	-0.026168	
0.000000	0.001122	0.064874	0.020463	0.094226	0.013850	0.015767	-0.004041	-0.151270	0.040860	-0.040888	-0.047768	0.103672	-0.123496	-0.043284	0.170409	0.058488	-0.055466	-0.127895	-0.083915	0.159034	0.172946	-0.136703	-0.238360	0.062341	0.221892	0.017784	-0.100419	-0.034683	0.025647	0.021795	-0.037674	-0.018267	0.016561	-0.008654	0.024376	0.019882	-0.013095	-0.016216	0.003421	0.018742	-0.006090	-0.014347	0.000885	0.016397	0.004562	-0.009869	-0.003332	0.003413	-0.003117	-0.009528	0.005619	0.006078	-0.006340	-0.016535	0.004876	0.025844	-0.004683	-0.027679	-0.004482	0.020270	0.017986	0.001984	-0.012927	-0.008307	0.001187	-0.000035	-0.008787	0.013348	0.017137	-0.034341	-0.051647	-0.025757	0.182145	0.165293	-0.342665	-0.256077	0.368403	0.240914	-0.192501	-0.189376	-0.078184	0.161974	0.227229	-0.118649	-0.134915	0.009640	-0.001161	0.103321	0.048950	0.023989	0.027916	-0.038972	-0.032795	-0.131080	-0.029451	
0.000000	0.043064	-0.106463	-0.211549	0.144742	-0.120668	0.051079	0.035356	-0.192813	0.163235	0.004672	0.102481	0.222035	-0.080449	-0.216982	0.077734	0.000956	-0.024702	0.297604	-0.104017	-0.394936	0.180491	0.241397	-0.093525	-0.075678	-0.006811	0.003225	0.023990	0.012649	-0.007572	-0.015649	0.001932	0.003398	-0.011242	-0.004199	0.009049	0.009498	-0.006615	-0.017619	0.006605	0.018787	-0.010097	-0.017630	0.011291	0.011863	-0.007823	-0.008693	0.005064	0.013692	-0.002861	-0.006912	0.001213	0.001090	-0.005894	0.003897	0.006169	-0.011314	-0.004195	0.005846	0.005637	-0.004095	-0.001813	0.008934	-0.001079	-0.015575	-0.013690	0.000422	0.015267	0.005604	0.014160	0.003327	-0.030910	-0.024367	0.022082	0.061668	-0.005339	-0.101128	0.014022	-0.006696	-0.003275	0.211872	-0.109640	-0.282488	0.184523	0.190827	-0.028644	-0.018629	-0.254379	-0.089368	-0.030254	0.017118	0.022477	0.102750	0.099023	-0.131365	0.129841	
0.000000	-0.076728	-0.159753	-0.049133	0.010832	-0.086252	0.052256	-0.043458	0.025750	0.038738	0.076106	0.225779	0.001037	0.026418	-0.196653	-0.204530	0.295081	0.047183	-0.239313	0.124593	0.146102	-0.076436	-0.068148	-0.005943	0.011771	0.004400	-0.010096	0.001075	0.014666	0.007039	-0.005487	-0.003595	-0.002525	0.004239	0.000645	-0.009490	-0.013379	0.015323	0.014761	-0.014135	-0.007333	0.009370	0.000292	-0.006752	0.007469	0.005643	-0.006398	-0.003583	-0.001965	0.003151	-0.002663	0.001205	0.016631	0.001358	-0.015527	-0.009446	0.023235	0.015984	-0.031991	-0.023412	0.018965	0.033265	-0.003960	-0.009907	-0.006696	-0.011420	0.002345	-0.012300	-0.008853	0.015263	0.029740	-0.023689	-0.117096	0.051772	0.263588	0.024089	-0.350000	-0.177124	0.304504	0.179763	-0.121533	0.022569	-0.081878	-0.184570	0.158449	0.142129	-0.071452	0.031489	-0.124916	-0.120847	-0.021556	-0.184918	0.099780	0.080166	0.023610	0.238270	
0.000000	0.017669	-0.044495	0.183159	0.164158	0.101496	-0.082843	-0.001117	-0.201846	-0.147103	0.074399	-0.206335	0.154843	-0.010968	-0.158414	0.269690	0.053095	-0.188004	-0.055373	-0.098634	0.093556	0.268483	-0.070681	-0.253650	0.017428	0.145659	0.017270	-0.060165	-0.018996	0.026666	0.018786	-0.010815	-0.010398	0.007700	0.000384	0.001422	-0.002686	-0.004486	0.005545	-0.000897	0.005929	0.001611	-0.019822	-0.000846	0.027260	0.003561	-0.016634	-0.006133	0.003624	0.000779	-0.002247	0.001904	-0.005997	-0.004802	0.022365	0.002266	-0.026765	-0.005507	0.019192	0.008352	-0.014374	-0.013409	0.005044	0.002380	-0.000720	0.000570	0.000759	0.014711	-0.005851	-0.031434	0.012203	0.047016	0.006120	-0.091588	-0.049948	0.192958	0.049995	-0.286207	0.023308	0.203002	-0.052502	0.079151	-0.061873	-0.264303	0.108124	0.107319	0.053806	0.109657	-0.132852	0.094727	0.063959	0.123023	0.153236	-0.114480	-0.152497	-0.226183	
0.000000	0.203648	-0.177662	-0.337496	-0.060139	0.136563	0.121830	0.275868	0.277502	-0.159562	-0.267594	-0.172086	0.178675	0.195632	-0.118596	-0.081758	0.108331	0.031970	-0.090442	-0.019890	0.051831	0.005901	-0.001246	0.001508	-0.011397	0.013099	0.005229	-0.013171	-0.009304	-0.008850	-0.000935	0.024908	0.012870	-0.017092	-0.003094	-0.000835	-0.007410	-0.011245	-0.008371	0.012532	0.006214	0.001683	-0.003438	-0.004433	0.011370	0.003886	-0.012639	-0.004477	-0.001353	0.004405	0.010929	-0.000899	-0.026202	-0.001968	0.032433	0.003395	-0.015764	-0.004592	0.001514	0.003534	0.000228	0.001202	-0.004764	0.001640	0.010991	0.003930	-0.009422	-0.012681	0.001108	0.007463	-0.007876	-0.008954	0.002851	0.025077	0.031239	-0.043868	-0.046343	0.039309	0.024078	-0.011715	-0.026023	-0.004616	0.057487	0.002512	-0.114180	0.086267	0.202992	-0.232995	-0.259243	-0.032628	-0.097813	0.230969	0.053402	0.132089	0.153729	-0.269736	
0.000000	0.003043	0.123638	0.188551	0.010332	0.079646	-0.077874	-0.101706	-0.072522	-0.155660	0.035823	-0.116373	0.092239	0.209887	-0.113948	0.010033	-0.014290	-0.270837	0.179975	0.388771	-0.214680	-0.331029	0.118603	0.216613	-0.018611	-0.132225	-0.015574	0.081569	0.024829	-0.041617	-0.014128	0.012748	-0.001735	-0.002356	0.007356	-0.000289	0.004630	-0.008642	-0.011224	0.009109	0.000985	-0.007249	0.003675	0.000686	-0.009821	0.001171	0.009627	0.001188	-0.004149	-0.005152	-0.008147	0.006661	0.017131	-0.001357	-0.011759	-0.003559	0.010853	0.002378	-0.014834	0.000644	0.007872	-0.004330	0.001030	0.010639	0.000621	-0.006952	-0.004556	-0.005748	0.002350	0.004680	0.010883	-0.008355	-0.043262	0.023804	0.128917	-0.006909	-0.232980	-0.006939	0.245539	-0.006941	-0.129877	-0.006267	0.004679	0.053341	0.029576	-0.041464	-0.064127	-0.086994	0.072858	0.129661	0.101090	0.223915	-0.067583	-0.088972	-0.062683	-0.215306	
0.000000	0.125024	0.111599	-0.374827	0.092752	0.055172	-0.087383	0.192576	-0.281405	0.096834	0.186107	-0.030839	-0.109099	-0.114008	0.010131	0.163559	0.115272	-0.214513	-0.174480	0.222770	0.134667	-0.173878	-0.074838	0.092294	0.044347	-0.027782	-0.019207	0.018070	0.002321	-0.021384	-0.008865	0.008331	0.002684	0.000704	-0.004655	0.009171	0.012885	-0.014451	-0.006030	0.007772	-0.010317	-0.002463	0.009201	0.003059	-0.005456	-0.006454	0.007153	0.007276	-0.006828	-0.004048	0.001350	0.004319	0.011121	-0.006805	-0.014477	0.000389	0.004806	0.002922	0.003682	-0.002449	-0.010667	-0.005302	0.012701	0.011997	-0.008349	-0.013424	0.008879	0.001708	-0.015896	-0.010550	0.002668	0.029095	0.003885	-0.023472	-0.041944	0.040857	0.097032	-0.099236	-0.128776	0.192739	0.044587	-0.251708	0.126561	0.097461	-0.160888	0.161177	0.011171	-0.148629	0.218227	-0.156385	0.007487	-0.033780	0.033127	0.188572	-0.194635	-0.003994	
0.000000	-0.016281	0.244867	0.129822	-0.104675	0.020141	-0.090875	-0.150041	-0.012732	-0.054697	-0.051025	0.056358	0.059111	0.160159	-0.108442	-0.301760	0.159376	0.300518	-0.156131	-0.220242	0.086844	0.115170	-0.014316	-0.055148	-0.002214	0.042552	0.009106	-0.035390	-0.010143	0.018495	0.007665	-0.002787	0.000110	-0.007418	0.000626	0.005051	-0.005005	-0.003976	-0.001849	0.005590	0.000925	0.000300	0.009255	-0.003237	-0.010043	0.003571	-0.000669	-0.001863	0.009261	0.004145	-0.008322	-0.005095	0.002626	0.000023	0.007481	0.001700	-0.007244	-0.002458	-0.001353	0.000083	0.005582	0.003292	-0.008015	-0.008063	0.005470	0.009279	0.000309	-0.009758	0.001135	0.006672	0.002051	-0.003440	-0.011672	0.006560	0.012695	0.013629	0.030388	-0.082460	-0.092543	0.200214	0.093042	-0.262419	-0.045893	0.138306	0.078489	0.116450	-0.223577	-0.281393	0.243614	0.051188	0.199428	0.246062	-0.186807	-0.023973	-0.059961	-0.128625	
0.000000	0.004988	0.043714	0.015260	0.124102	-0.041271	-0.167740	-0.128552	-0.162227	0.080344	0.278338	0.022342	-0.157197	0.157347	-0.021503	-0.180313	0.123204	0.061571	-0.099902	0.026084	0.037632	-0.032001	0.002577	0.012947	-0.004610	0.001158	-0.004760	0.006178	0.003530	-0.018373	-0.006155	0.009028	-0.007957	0.008000	0.005568	-0.007363	-0.002391	-0.000187	0.007648	0.001806	-0.006324	0.002364	0.006300	-0.007335	-0.007415	0.008304	-0.001942	-0.004875	0.004202	0.003072	-0.001069	0.002135	-0.000074	-0.004809	-0.002247	0.003899	0.005564	0.000605	0.000070	0.001978	-0.008400	-0.002901	0.016843	0.006780	-0.019561	-0.008965	0.008493	0.007259	-0.007083	-0.003408	-0.005577	-0.004387	0.014142	0.035863	-0.018199	-0.123101	0.051172	0.252378	-0.119801	-0.365872	0.160143	0.372606	-0.084724	-0.259180	-0.068585	0.189293	0.159762	-0.217595	-0.154665	-0.055512	0.117034	0.177903	0.117004	0.033000	-0.190792	-0.031890	
0.000000	-0.055674	-0.076359	0.217394	-0.002487	-0.074803	0.083713	-0.181844	0.087267	-0.004081	-0.078854	0.184338	0.099152	-0.165600	-0.219898	0.147068	0.297281	-0.203351	-0.258797	0.214177	0.160723	-0.137490	-0.070806	0.057029	0.027775	-0.001925	-0.007322	-0.024211	-0.008490	0.013667	0.005643	-0.001059	0.009842	-0.003797	-0.008449	-0.003067	-0.003936	0.009391	-0.000186	-0.004702	0.008278	0.006732	-0.009810	-0.004580	0.009990	0.000062	-0.010052	0.001610	0.011563	0.001678	0.002906	0.000959	-0.013692	-0.007604	0.005327	0.006911	0.001021	0.001039	-0.001929	-0.005337	0.004443	0.001779	-0.007903	-0.002355	0.005476	0.011090	0.004101	-0.008360	-0.008538	-0.002203	0.002667	0.014817	0.005878	-0.004903	-0.029225	-0.027277	0.130136	0.048013	-0.263179	-0.028760	0.308042	-0.083510	-0.204862	0.232459	0.006466	-0.223663	0.168483	0.005977	-0.156870	0.116483	-0.069119	0.086095	-0.027658	-0.103674	0.120487	-0.012157	
0.000000	-0.044342	-0.098273	0.163134	0.102414	-0.161811	-0.062584	-0.230402	0.050300	0.229348	0.126198	0.063944	-0.195131	-0.029511	0.150497	-0.042967	-0.109947	0.070494	0.083161	-0.059364	-0.040734	0.033755	0.013636	-0.012895	-0.008811	0.001556	0.001190	0.004754	0.006276	-0.008997	-0.005496	0.002655	0.000047	-0.001418	-0.006676	-0.001615	-0.001194	0.001929	0.004672	0.004140	0.006681	-0.006832	-0.008611	0.006206	0.002781	-0.006999	-0.002675	0.003876	-0.001023	-0.002423	0.001413	0.000577	0.005616	0.001594	-0.006970	-0.005078	-0.001178	0.003074	0.009740	0.005017	-0.009471	-0.009603	-0.002270	0.003530	0.007849	0.008517	-0.011939	-0.022939	0.004604	0.016903	0.003877	0.011263	-0.013863	-0.036637	0.024302	0.077630	-0.059428	-0.155784	0.114671	0.230412	-0.158190	-0.236744	0.212101	0.168624	-0.313934	-0.017308	0.393744	-0.198323	-0.309045	0.008099	-0.004528	0.200161	0.079876	-0.062185	-0.007261	0.025562	
0.000000	-0.028613	0.071942	0.043667	-0.176357	-0.124470	0.166240	-0.090438	0.116323	0.267394	-0.226921	0.058247	0.096378	-0.313325	0.041009	0.294235	-0.054039	-0.155451	0.015854	0.056010	0.008014	-0.006463	-0.009879	-0.011210	0.003226	0.014670	0.002955	-0.004452	-0.001356	-0.004132	0.001594	-0.002104	-0.002826	0.003924	0.001749	-0.005539	-0.010604	0.002264	0.007558	0.002198	-0.000386	-0.003539	0.005645	0.002251	-0.013996	-0.001025	0.018212	-0.001154	-0.014496	-0.000865	-0.003109	0.001364	0.012932	-0.002710	-0.020646	0.001186	0.011566	0.006087	0.007445	-0.002070	-0.007256	-0.003925	-0.002381	-0.002163	0.000304	-0.002982	0.000920	0.002664	-0.003667	0.002392	0.002026	0.005367	0.007612	-0.004059	-0.013886	0.004222	0.000511	0.002173	0.029418	-0.042043	-0.073272	0.124293	0.083239	-0.275290	0.013528	0.411270	-0.105527	-0.354519	0.008642	0.003705	0.149678	0.111374	-0.253365	-0.056059	0.144716	0.071962	
0.000000	0.067187	-0.197594	0.018288	0.086410	0.229291	0.188232	-0.232543	-0.138808	-0.348984	0.171753	0.475981	-0.134538	-0.218351	0.087864	0.061144	-0.060777	0.016673	0.059474	-0.056918	-0.056570	0.053327	0.033830	-0.013051	-0.011356	-0.009692	-0.001332	0.000844	0.003037	0.006916	0.004444	-0.011246	-0.009890	0.009247	0.006846	-0.007129	-0.002812	0.005863	-0.000300	-0.002972	-0.002205	-0.000935	0.008987	0.001225	-0.012014	-0.005166	0.009937	0.001461	-0.008808	-0.000089	0.010175	-0.001216	-0.009953	-0.003544	0.005962	0.003267	-0.002718	-0.000855	0.000056	-0.003954	-0.002895	0.002301	0.002292	-0.004526	-0.002346	0.005515	0.000572	0.007460	0.007993	-0.021148	-0.009775	0.006024	-0.007791	0.025015	0.017533	-0.032142	-0.019935	0.021600	0.021807	-0.013372	-0.029595	0.011465	0.027482	-0.035313	0.009591	0.062167	-0.077062	-0.011086	0.090624	-0.166664	-0.175485	0.166775	-0.068241	0.247590	0.179323	-0.320244	
0.000000	-0.014610	-0.344390	0.089495	0.263790	-0.127155	0.337988	0.040103	-0.320680	0.189237	0.122303	-0.317981	-0.025147	0.205353	-0.008786	-0.110074	0.039283	0.040071	-0.049351	0.009824	0.031449	-0.012204	-0.009739	-0.004289	0.001481	-0.000846	0.000271	0.011308	0.003548	-0.008804	-0.003471	0.000488	0.004742	-0.004142	-0.004253	0.003443	0.003166	-0.002803	-0.001479	0.001692	-0.000700	0.002204	0.003352	-0.003343	-0.002321	0.000015	0.001398	0.000817	-0.002486	-0.001738	0.006321	-0.001678	-0.002579	-0.001119	-0.000083	0.000390	-0.007584	-0.000365	0.010239	0.001779	-0.000889	-0.002940	-0.006243	-0.002248	0.003153	0.000914	0.000837	0.005786	0.000571	-0.004950	-0.000513	0.002994	0.002904	-0.011708	-0.011233	0.017555	0.022679	-0.007957	-0.026202	-0.009900	0.012971	0.013308	0.008891	-0.017120	-0.012019	0.044932	-0.051969	-0.095960	0.241643	0.126731	-0.306672	0.045257	-0.234757	-0.139663	0.301553	0.037152	
0.000000	-0.016404	-0.128964	0.067126	0.361516	-0.133165	-0.428643	0.143432	0.309321	-0.169652	-0.126310	0.171173	-0.005580	-0.107521	0.023195	0.023994	-0.015484	-0.001020	0.004789	0.001744	0.008933	-0.012981	-0.009229	0.015492	0.005192	-0.002930	-0.000380	0.002845	-0.000047	-0.005037	-0.002146	-0.000875	0.002555	0.000824	-0.007026	0.003253	0.006082	-0.002378	0.001522	0.000071	-0.003773	0.001049	0.002352	-0.001073	-0.000109	0.000403	-0.002719	0.000297	0.000634	0.001145	0.004383	-0.000892	-0.002416	-0.001090	-0.001914	0.002450	0.004079	-0.001087	-0.000849	0.001787	-0.003301	-0.003398	-0.000192	0.001485	-0.000384	0.002101	0.003090	-0.001876	-0.001552	0.001766	0.001075	0.004476	-0.003392	-0.005456	-0.000851	-0.003694	0.002830	0.010428	0.009062	-0.020803	-0.012364	0.026634	0.022329	-0.040283	-0.016118	0.118924	-0.088264	-0.251536	0.296767	0.257452	-0.361302	-0.003720	0.198329	-0.136842	-0.076030	0.066125	
0.000000	0.038639	-0.054212	0.115310	0.136837	-0.088781	-0.205157	-0.306447	0.222557	0.443728	-0.154148	-0.217663	0.080854	0.034554	-0.040854	0.020960	0.019788	-0.024906	-0.005154	0.017351	0.000789	-0.012044	-0.004360	0.004398	0.004891	0.007488	0.000138	-0.011656	-0.003627	0.005740	0.003918	-0.000886	0.000642	-0.003563	0.000358	0.002735	0.001739	-0.002005	-0.006821	0.004104	0.004436	-0.000632	-0.002521	-0.001290	0.003580	0.000160	-0.002429	-0.000987	0.001820	0.002123	0.000193	-0.002944	-0.004542	0.001213	0.010512	0.001924	-0.006702	-0.004499	-0.002944	0.001755	0.003818	-0.000844	0.002124	0.001345	0.002177	0.000663	-0.001720	-0.001611	-0.000996	-0.005411	0.001053	0.007086	-0.000103	-0.004941	0.005870	0.003264	-0.011775	0.001525	-0.001835	-0.009624	0.017066	0.011731	-0.029972	-0.008288	0.059968	-0.031844	-0.111717	0.191710	0.154193	-0.344617	-0.156007	0.039977	0.077293	0.415420	-0.006817	-0.295574	
0.000000	-0.000275	0.168784	0.109419	-0.421209	-0.001977	0.326355	-0.146041	-0.081168	0.073506	0.012691	-0.041834	-0.007270	0.025675	0.006888	-0.016751	0.000951	0.009306	-0.004989	-0.006264	0.001608	0.002745	0.004017	0.000877	-0.004559	-0.002041	0.002542	-0.000941	-0.001222	0.005542	0.003844	-0.008155	-0.004604	0.004136	-0.000598	0.001003	0.003010	-0.002630	-0.001798	0.000214	-0.001701	0.001538	0.001408	0.000647	0.002242	-0.002722	-0.003337	0.001979	0.002243	-0.000245	-0.001684	-0.000633	-0.001560	0.000026	0.000367	0.001222	0.004360	-0.001651	-0.006465	-0.001671	0.006240	0.005119	-0.003865	-0.007358	0.001119	0.006409	0.000052	0.001272	0.000465	-0.005525	-0.000439	0.005516	-0.002648	-0.004366	0.004339	0.001562	0.002478	-0.003823	0.000316	0.000716	-0.011860	0.011276	0.016215	-0.015430	-0.022005	0.049134	0.013313	-0.191867	0.086108	0.326533	-0.371967	-0.199774	0.473668	0.158162	-0.189165	-0.142864	
0.000000	-0.033054	0.092317	0.219061	-0.198268	-0.517422	0.138036	0.402879	-0.051599	-0.125928	0.034651	0.061764	-0.013127	-0.020631	0.007303	0.008714	-0.005838	-0.009910	0.008120	0.007671	-0.004841	0.001143	-0.005463	-0.003273	0.003899	0.001875	-0.000916	-0.001682	0.000814	0.000815	-0.000380	0.000790	-0.001775	-0.001570	0.000922	0.002348	-0.001044	-0.001881	0.005850	-0.001308	-0.005988	0.000757	0.003786	0.001561	-0.003308	-0.001250	0.002548	-0.001139	-0.002868	0.000773	0.002204	-0.000376	-0.004253	0.000914	0.006357	-0.000132	-0.002780	0.000079	-0.000867	-0.001317	-0.000027	0.001579	0.001348	-0.001353	0.000223	0.002488	-0.001978	-0.004862	0.000023	0.005870	0.001651	-0.006813	-0.003409	0.008369	0.004166	-0.007886	-0.007965	0.009347	0.002895	-0.008430	-0.000646	-0.002124	0.002768	0.003217	0.012606	-0.011579	-0.047145	0.120788	0.071229	-0.420858	-0.140342	0.407650	0.175349	-0.086648	-0.072172	-0.000043	
0.000000	0.012084	-0.014668	0.253962	0.087490	-0.433945	-0.041144	0.279656	-0.056209	-0.133618	0.036745	0.036610	-0.018491	0.003387	0.011094	-0.005338	-0.003016	0.005838	-0.003947	-0.003582	-0.000200	-0.001645	0.003922	0.002324	-0.001776	0.001446	0.000994	-0.003745	-0.004003	0.003012	0.006235	-0.001740	-0.003471	0.001205	0.001894	-0.001436	-0.003112	0.000677	0.002249	0.000282	0.000822	-0.000992	-0.000159	0.000305	-0.002382	0.000233	0.001729	-0.000943	-0.002335	0.000563	0.005692	0.000569	-0.007973	-0.001634	0.003704	0.001705	-0.000065	-0.000176	-0.003774	-0.000956	0.001371	-0.001177	0.004051	0.003018	-0.001124	-0.002163	0.000828	0.000816	-0.000603	-0.000276	-0.000291	-0.000738	-0.000145	0.003629	0.002142	-0.005068	0.001293	0.005430	-0.006439	-0.000061	-0.002401	-0.008440	0.013752	0.007429	-0.024179	0.006435	0.059372	-0.087636	-0.117172	0.240522	0.241837	-0.369266	-0.219992	0.474382	0.058120	-0.281362	
1.000000	0.000000	0.000000	0.000000	0.000000	0.000000	0.000000	0.000000	0.000000	0.000000	0.000000	0.000000	0.000000	0.000000	0.000000	0.000000	0.000000	0.000000	0.000000	0.000000	0.000000	0.000000	0.000000	0.000000	0.000000	0.000000	0.000000	0.000000	0.000000	0.000000	0.000000	0.000000	0.000000	0.000000	0.000000	0.000000	0.000000	0.000000	0.000000	0.000000	0.000000	0.000000	0.000000	0.000000	0.000000	0.000000	0.000000	0.000000	0.000000	0.000000	0.000000	0.000000	0.000000	0.000000	0.000000	0.000000	0.000000	0.000000	0.000000	0.000000	0.000000	0.000000	0.000000	0.000000	0.000000	0.000000	0.000000	0.000000	0.000000	0.000000	0.000000	0.000000	0.000000	0.000000	0.000000	0.000000	0.000000	0.000000	0.000000	0.000000	0.000000	0.000000	0.000000	0.000000	0.000000	0.000000	0.000000	0.000000	0.000000	0.000000	0.000000	0.000000	0.000000	0.000000	0.000000	0.000000	
